0: []
1: []
2: []
3: []
4: []
5: []
6: []
7: []
8: []
9: []
10: []
11: []
12: []
13: []
14: []
15: []
16: []
17: []
18: []
19: []
20: []
21: []
22: []
23: []
24: []
25: []
26: []
27: []
28: []
29: []
30: []
31: []
32: []
33: []
34: []
35: []
36: []
37: []
38: []
39: []
40: []
41: []
42: []
43: []
44: []
45: []
46: []
47: []
48: []
49: []
50: []
51: []
52: []
53: []
54: []
55: []
56: []
57: []
58: []
59: []
60: []
61: []
62: []
63: []
64: []
65: []
66: []
67: []
68: []
69: []
70: []
71: []
72: []
73: []
74: []
75: []
76: []
77: []
78: []
79: []
80: []
81: []
82: [76, 77]
83: [78, 79]
84: [80, 81]
85: []
86: []
87: []
88: []
89: [85, 86]
90: [87, 88]
91: []
92: []
93: []
94: []
95: []
96: []
97: []
98: []
99: []
100: []
101: []
102: []
103: []
104: []
105: []
106: []
107: [64, 65, 103]
108: [62, 63, 99]
109: [66, 67, 105]
110: [78, 79, 83, 103]
111: [76, 77, 82, 99]
112: []
113: []
114: [80, 81, 84, 105]
115: []
116: []
117: []
118: []
119: []
120: []
121: []
122: []
123: [68, 69, 116]
124: [70, 71, 117]
125: [85, 86, 89, 116]
126: [87, 88, 90, 117]
127: []
128: []
129: []
130: []
131: [73, 97, 98]
132: []
133: []
134: []
135: []
136: []
137: []
138: [136, 137]
139: []
140: []
141: [139, 140]
142: []
143: []
144: [73, 139, 140, 141]
145: [142, 143]
146: []
147: []
148: []
149: []
150: [74, 142, 143, 145]
151: []
152: []
153: []
154: []
155: []
156: []
157: [97, 98, 147]
158: [95, 96, 154]
159: [136, 137, 138, 154]
160: []
161: []
162: [139, 140, 141, 147]
163: []
164: []
165: []
166: []
167: []
168: []
169: [167, 168]
170: [113, 151, 152]
171: [142, 143, 145, 148]
172: [74, 167, 168, 169]
173: [142, 143, 145, 155]
174: [119, 163, 164]
175: [121, 163, 164]
176: [151, 152, 161]
177: []
178: []
179: [148, 167, 168, 169]
180: [177, 178]
181: [155, 167, 168, 169]
182: [151, 152, 166]
183: []
184: []
185: []
186: []
187: []
188: []
189: []
190: []
191: []
192: []
193: [183, 184]
194: [113, 177, 178, 180]
195: [119, 183, 184, 193]
196: [121, 183, 184, 193]
197: [161, 177, 178, 180]
198: [166, 177, 178, 180]
199: []
200: []
201: [132, 185, 186]
202: [133, 187, 188]
203: [134, 189, 190]
204: [135, 191, 192]
205: [129, 132, 133, 185, 186, 187, 188, 201, 202]
206: [130, 134, 135, 189, 190, 191, 192, 203, 204]
207: [163, 164, 199]
208: [183, 184, 193, 199]
209: []
210: []
211: [115, 129, 130, 132, 133, 134, 135, 185, 186, 187, 188, 189, 190, 191, 192, 201, 202, 203, 204, 205, 206]
212: [68, 69, 101, 115, 116, 123, 129, 130, 132, 133, 134, 135, 185, 186, 187, 188, 189, 190, 191, 192, 201, 202, 203, 204, 205, 206, 211]
213: []
214: []
215: []
216: []
217: []
218: []
219: []
220: []
221: [213, 214]
222: [215, 216]
223: [217, 218]
224: [219, 220]
225: []
226: []
227: [132, 213, 214, 221]
228: [133, 215, 216, 222]
229: [134, 217, 218, 223]
230: [135, 219, 220, 224]
231: [132, 133, 213, 214, 215, 216, 221, 222, 227, 228]
232: [134, 135, 217, 218, 219, 220, 223, 224, 229, 230]
233: [129, 132, 133, 213, 214, 215, 216, 221, 222, 227, 228, 231]
234: [130, 134, 135, 217, 218, 219, 220, 223, 224, 229, 230, 232]
235: [129, 130, 132, 133, 134, 135, 213, 214, 215, 216, 217, 218, 219, 220, 221, 222, 223, 224, 227, 228, 229, 230, 231, 232, 233, 234]
236: [115, 129, 130, 132, 133, 134, 135, 213, 214, 215, 216, 217, 218, 219, 220, 221, 222, 223, 224, 227, 228, 229, 230, 231, 232, 233, 234, 235]
237: [85, 86, 89, 115, 116, 125, 129, 130, 132, 133, 134, 135, 213, 214, 215, 216, 217, 218, 219, 220, 221, 222, 223, 224, 227, 228, 229, 230, 231, 232, 233, 234, 235, 236]
238: [85, 86, 89, 101, 115, 116, 125, 129, 130, 132, 133, 134, 135, 213, 214, 215, 216, 217, 218, 219, 220, 221, 222, 223, 224, 227, 228, 229, 230, 231, 232, 233, 234, 235, 236, 237]
239: []
240: []
241: []
242: []
243: [185, 186, 239]
244: [187, 188, 240]
245: [189, 190, 241]
246: [191, 192, 242]
247: [213, 214, 221, 239]
248: [215, 216, 222, 240]
249: [217, 218, 223, 241]
250: [219, 220, 224, 242]
251: [185, 186, 187, 188, 209, 239, 240, 243, 244]
252: [189, 190, 191, 192, 210, 241, 242, 245, 246]
253: [127, 185, 186, 187, 188, 239, 240, 243, 244]
254: [128, 189, 190, 191, 192, 241, 242, 245, 246]
255: [185, 186, 187, 188, 225, 239, 240, 243, 244]
256: [189, 190, 191, 192, 226, 241, 242, 245, 246]
257: [213, 214, 215, 216, 221, 222, 239, 240, 247, 248]
258: [217, 218, 219, 220, 223, 224, 241, 242, 249, 250]
259: [209, 213, 214, 215, 216, 221, 222, 239, 240, 247, 248, 257]
260: [210, 217, 218, 219, 220, 223, 224, 241, 242, 249, 250, 258]
261: [127, 213, 214, 215, 216, 221, 222, 239, 240, 247, 248, 257]
262: [128, 217, 218, 219, 220, 223, 224, 241, 242, 249, 250, 258]
263: [213, 214, 215, 216, 221, 222, 225, 239, 240, 247, 248, 257]
264: [217, 218, 219, 220, 223, 224, 226, 241, 242, 249, 250, 258]
265: [112, 185, 186, 187, 188, 189, 190, 191, 192, 209, 210, 239, 240, 241, 242, 243, 244, 245, 246, 251, 252]
266: [165, 185, 186, 187, 188, 189, 190, 191, 192, 209, 210, 239, 240, 241, 242, 243, 244, 245, 246, 251, 252]
267: [160, 185, 186, 187, 188, 189, 190, 191, 192, 209, 210, 239, 240, 241, 242, 243, 244, 245, 246, 251, 252]
268: [118, 127, 128, 185, 186, 187, 188, 189, 190, 191, 192, 239, 240, 241, 242, 243, 244, 245, 246, 253, 254]
269: [185, 186, 187, 188, 189, 190, 191, 192, 200, 225, 226, 239, 240, 241, 242, 243, 244, 245, 246, 255, 256]
270: [120, 185, 186, 187, 188, 189, 190, 191, 192, 225, 226, 239, 240, 241, 242, 243, 244, 245, 246, 255, 256]
271: [122, 185, 186, 187, 188, 189, 190, 191, 192, 225, 226, 239, 240, 241, 242, 243, 244, 245, 246, 255, 256]
272: [70, 71, 102, 117, 118, 124, 127, 128, 185, 186, 187, 188, 189, 190, 191, 192, 239, 240, 241, 242, 243, 244, 245, 246, 253, 254, 268]
273: [163, 164, 185, 186, 187, 188, 189, 190, 191, 192, 199, 200, 207, 225, 226, 239, 240, 241, 242, 243, 244, 245, 246, 255, 256, 269]
274: [104, 119, 120, 163, 164, 174, 185, 186, 187, 188, 189, 190, 191, 192, 225, 226, 239, 240, 241, 242, 243, 244, 245, 246, 255, 256, 270]
275: [100, 112, 113, 151, 152, 170, 185, 186, 187, 188, 189, 190, 191, 192, 209, 210, 239, 240, 241, 242, 243, 244, 245, 246, 251, 252, 265]
276: [106, 121, 122, 163, 164, 175, 185, 186, 187, 188, 189, 190, 191, 192, 225, 226, 239, 240, 241, 242, 243, 244, 245, 246, 255, 256, 271]
277: [149, 163, 164, 185, 186, 187, 188, 189, 190, 191, 192, 199, 200, 207, 225, 226, 239, 240, 241, 242, 243, 244, 245, 246, 255, 256, 269, 273]
278: [146, 151, 152, 165, 166, 182, 185, 186, 187, 188, 189, 190, 191, 192, 209, 210, 239, 240, 241, 242, 243, 244, 245, 246, 251, 252, 266]
279: [72, 151, 152, 165, 166, 182, 185, 186, 187, 188, 189, 190, 191, 192, 209, 210, 239, 240, 241, 242, 243, 244, 245, 246, 251, 252, 266]
280: [75, 163, 164, 185, 186, 187, 188, 189, 190, 191, 192, 199, 200, 207, 225, 226, 239, 240, 241, 242, 243, 244, 245, 246, 255, 256, 269, 273]
281: [156, 163, 164, 185, 186, 187, 188, 189, 190, 191, 192, 199, 200, 207, 225, 226, 239, 240, 241, 242, 243, 244, 245, 246, 255, 256, 269, 273]
282: [151, 152, 153, 160, 161, 176, 185, 186, 187, 188, 189, 190, 191, 192, 209, 210, 239, 240, 241, 242, 243, 244, 245, 246, 251, 252, 267]
283: [209, 210, 213, 214, 215, 216, 217, 218, 219, 220, 221, 222, 223, 224, 239, 240, 241, 242, 247, 248, 249, 250, 257, 258, 259, 260]
284: [127, 128, 213, 214, 215, 216, 217, 218, 219, 220, 221, 222, 223, 224, 239, 240, 241, 242, 247, 248, 249, 250, 257, 258, 261, 262]
285: [213, 214, 215, 216, 217, 218, 219, 220, 221, 222, 223, 224, 225, 226, 239, 240, 241, 242, 247, 248, 249, 250, 257, 258, 263, 264]
286: [64, 65, 103, 104, 107, 119, 120, 163, 164, 174, 185, 186, 187, 188, 189, 190, 191, 192, 225, 226, 239, 240, 241, 242, 243, 244, 245, 246, 255, 256, 270, 274]
287: [62, 63, 99, 100, 108, 112, 113, 151, 152, 170, 185, 186, 187, 188, 189, 190, 191, 192, 209, 210, 239, 240, 241, 242, 243, 244, 245, 246, 251, 252, 265, 275]
288: [112, 209, 210, 213, 214, 215, 216, 217, 218, 219, 220, 221, 222, 223, 224, 239, 240, 241, 242, 247, 248, 249, 250, 257, 258, 259, 260, 283]
289: [165, 209, 210, 213, 214, 215, 216, 217, 218, 219, 220, 221, 222, 223, 224, 239, 240, 241, 242, 247, 248, 249, 250, 257, 258, 259, 260, 283]
290: [160, 209, 210, 213, 214, 215, 216, 217, 218, 219, 220, 221, 222, 223, 224, 239, 240, 241, 242, 247, 248, 249, 250, 257, 258, 259, 260, 283]
291: [66, 67, 105, 106, 109, 121, 122, 163, 164, 175, 185, 186, 187, 188, 189, 190, 191, 192, 225, 226, 239, 240, 241, 242, 243, 244, 245, 246, 255, 256, 271, 276]
292: [118, 127, 128, 213, 214, 215, 216, 217, 218, 219, 220, 221, 222, 223, 224, 239, 240, 241, 242, 247, 248, 249, 250, 257, 258, 261, 262, 284]
293: [95, 96, 151, 152, 153, 154, 158, 160, 161, 176, 185, 186, 187, 188, 189, 190, 191, 192, 209, 210, 239, 240, 241, 242, 243, 244, 245, 246, 251, 252, 267, 282]
294: [200, 213, 214, 215, 216, 217, 218, 219, 220, 221, 222, 223, 224, 225, 226, 239, 240, 241, 242, 247, 248, 249, 250, 257, 258, 263, 264, 285]
295: [120, 213, 214, 215, 216, 217, 218, 219, 220, 221, 222, 223, 224, 225, 226, 239, 240, 241, 242, 247, 248, 249, 250, 257, 258, 263, 264, 285]
296: [122, 213, 214, 215, 216, 217, 218, 219, 220, 221, 222, 223, 224, 225, 226, 239, 240, 241, 242, 247, 248, 249, 250, 257, 258, 263, 264, 285]
297: [97, 98, 146, 147, 151, 152, 157, 165, 166, 182, 185, 186, 187, 188, 189, 190, 191, 192, 209, 210, 239, 240, 241, 242, 243, 244, 245, 246, 251, 252, 266, 278]
298: [72, 73, 97, 98, 131, 151, 152, 165, 166, 182, 185, 186, 187, 188, 189, 190, 191, 192, 209, 210, 239, 240, 241, 242, 243, 244, 245, 246, 251, 252, 266, 279]
299: [66, 67, 94, 105, 106, 109, 121, 122, 163, 164, 175, 185, 186, 187, 188, 189, 190, 191, 192, 225, 226, 239, 240, 241, 242, 243, 244, 245, 246, 255, 256, 271, 276, 291]
300: [64, 65, 91, 103, 104, 107, 119, 120, 163, 164, 174, 185, 186, 187, 188, 189, 190, 191, 192, 225, 226, 239, 240, 241, 242, 243, 244, 245, 246, 255, 256, 270, 274, 286]
301: [62, 63, 92, 99, 100, 108, 112, 113, 151, 152, 170, 185, 186, 187, 188, 189, 190, 191, 192, 209, 210, 239, 240, 241, 242, 243, 244, 245, 246, 251, 252, 265, 275, 287]
302: [9, 95, 96, 151, 152, 153, 154, 158, 160, 161, 176, 185, 186, 187, 188, 189, 190, 191, 192, 209, 210, 239, 240, 241, 242, 243, 244, 245, 246, 251, 252, 267, 282, 293]
303: [39, 95, 96, 151, 152, 153, 154, 158, 160, 161, 176, 185, 186, 187, 188, 189, 190, 191, 192, 209, 210, 239, 240, 241, 242, 243, 244, 245, 246, 251, 252, 267, 282, 293]
304: [41, 95, 96, 151, 152, 153, 154, 158, 160, 161, 176, 185, 186, 187, 188, 189, 190, 191, 192, 209, 210, 239, 240, 241, 242, 243, 244, 245, 246, 251, 252, 267, 282, 293]
305: [43, 95, 96, 151, 152, 153, 154, 158, 160, 161, 176, 185, 186, 187, 188, 189, 190, 191, 192, 209, 210, 239, 240, 241, 242, 243, 244, 245, 246, 251, 252, 267, 282, 293]
306: [45, 95, 96, 151, 152, 153, 154, 158, 160, 161, 176, 185, 186, 187, 188, 189, 190, 191, 192, 209, 210, 239, 240, 241, 242, 243, 244, 245, 246, 251, 252, 267, 282, 293]
307: [47, 95, 96, 151, 152, 153, 154, 158, 160, 161, 176, 185, 186, 187, 188, 189, 190, 191, 192, 209, 210, 239, 240, 241, 242, 243, 244, 245, 246, 251, 252, 267, 282, 293]
308: [49, 95, 96, 151, 152, 153, 154, 158, 160, 161, 176, 185, 186, 187, 188, 189, 190, 191, 192, 209, 210, 239, 240, 241, 242, 243, 244, 245, 246, 251, 252, 267, 282, 293]
309: [51, 95, 96, 151, 152, 153, 154, 158, 160, 161, 176, 185, 186, 187, 188, 189, 190, 191, 192, 209, 210, 239, 240, 241, 242, 243, 244, 245, 246, 251, 252, 267, 282, 293]
310: [53, 95, 96, 151, 152, 153, 154, 158, 160, 161, 176, 185, 186, 187, 188, 189, 190, 191, 192, 209, 210, 239, 240, 241, 242, 243, 244, 245, 246, 251, 252, 267, 282, 293]
311: [55, 95, 96, 151, 152, 153, 154, 158, 160, 161, 176, 185, 186, 187, 188, 189, 190, 191, 192, 209, 210, 239, 240, 241, 242, 243, 244, 245, 246, 251, 252, 267, 282, 293]
312: [57, 95, 96, 151, 152, 153, 154, 158, 160, 161, 176, 185, 186, 187, 188, 189, 190, 191, 192, 209, 210, 239, 240, 241, 242, 243, 244, 245, 246, 251, 252, 267, 282, 293]
313: [59, 95, 96, 151, 152, 153, 154, 158, 160, 161, 176, 185, 186, 187, 188, 189, 190, 191, 192, 209, 210, 239, 240, 241, 242, 243, 244, 245, 246, 251, 252, 267, 282, 293]
314: [61, 95, 96, 151, 152, 153, 154, 158, 160, 161, 176, 185, 186, 187, 188, 189, 190, 191, 192, 209, 210, 239, 240, 241, 242, 243, 244, 245, 246, 251, 252, 267, 282, 293]
315: [142, 143, 145, 148, 149, 163, 164, 171, 185, 186, 187, 188, 189, 190, 191, 192, 199, 200, 207, 225, 226, 239, 240, 241, 242, 243, 244, 245, 246, 255, 256, 269, 273, 277]
316: [3, 97, 98, 146, 147, 151, 152, 157, 165, 166, 182, 185, 186, 187, 188, 189, 190, 191, 192, 209, 210, 239, 240, 241, 242, 243, 244, 245, 246, 251, 252, 266, 278, 297]
317: [5, 97, 98, 146, 147, 151, 152, 157, 165, 166, 182, 185, 186, 187, 188, 189, 190, 191, 192, 209, 210, 239, 240, 241, 242, 243, 244, 245, 246, 251, 252, 266, 278, 297]
318: [17, 97, 98, 146, 147, 151, 152, 157, 165, 166, 182, 185, 186, 187, 188, 189, 190, 191, 192, 209, 210, 239, 240, 241, 242, 243, 244, 245, 246, 251, 252, 266, 278, 297]
319: [19, 97, 98, 146, 147, 151, 152, 157, 165, 166, 182, 185, 186, 187, 188, 189, 190, 191, 192, 209, 210, 239, 240, 241, 242, 243, 244, 245, 246, 251, 252, 266, 278, 297]
320: [21, 97, 98, 146, 147, 151, 152, 157, 165, 166, 182, 185, 186, 187, 188, 189, 190, 191, 192, 209, 210, 239, 240, 241, 242, 243, 244, 245, 246, 251, 252, 266, 278, 297]
321: [23, 97, 98, 146, 147, 151, 152, 157, 165, 166, 182, 185, 186, 187, 188, 189, 190, 191, 192, 209, 210, 239, 240, 241, 242, 243, 244, 245, 246, 251, 252, 266, 278, 297]
322: [25, 97, 98, 146, 147, 151, 152, 157, 165, 166, 182, 185, 186, 187, 188, 189, 190, 191, 192, 209, 210, 239, 240, 241, 242, 243, 244, 245, 246, 251, 252, 266, 278, 297]
323: [27, 97, 98, 146, 147, 151, 152, 157, 165, 166, 182, 185, 186, 187, 188, 189, 190, 191, 192, 209, 210, 239, 240, 241, 242, 243, 244, 245, 246, 251, 252, 266, 278, 297]
324: [29, 97, 98, 146, 147, 151, 152, 157, 165, 166, 182, 185, 186, 187, 188, 189, 190, 191, 192, 209, 210, 239, 240, 241, 242, 243, 244, 245, 246, 251, 252, 266, 278, 297]
325: [31, 97, 98, 146, 147, 151, 152, 157, 165, 166, 182, 185, 186, 187, 188, 189, 190, 191, 192, 209, 210, 239, 240, 241, 242, 243, 244, 245, 246, 251, 252, 266, 278, 297]
326: [33, 97, 98, 146, 147, 151, 152, 157, 165, 166, 182, 185, 186, 187, 188, 189, 190, 191, 192, 209, 210, 239, 240, 241, 242, 243, 244, 245, 246, 251, 252, 266, 278, 297]
327: [35, 97, 98, 146, 147, 151, 152, 157, 165, 166, 182, 185, 186, 187, 188, 189, 190, 191, 192, 209, 210, 239, 240, 241, 242, 243, 244, 245, 246, 251, 252, 266, 278, 297]
328: [74, 75, 142, 143, 145, 150, 163, 164, 185, 186, 187, 188, 189, 190, 191, 192, 199, 200, 207, 225, 226, 239, 240, 241, 242, 243, 244, 245, 246, 255, 256, 269, 273, 280]
329: [7, 72, 73, 97, 98, 131, 151, 152, 165, 166, 182, 185, 186, 187, 188, 189, 190, 191, 192, 209, 210, 239, 240, 241, 242, 243, 244, 245, 246, 251, 252, 266, 279, 298]
330: [37, 72, 73, 97, 98, 131, 151, 152, 165, 166, 182, 185, 186, 187, 188, 189, 190, 191, 192, 209, 210, 239, 240, 241, 242, 243, 244, 245, 246, 251, 252, 266, 279, 298]
331: [142, 143, 145, 155, 156, 163, 164, 173, 185, 186, 187, 188, 189, 190, 191, 192, 199, 200, 207, 225, 226, 239, 240, 241, 242, 243, 244, 245, 246, 255, 256, 269, 273, 281]
332: [2, 142, 143, 145, 148, 149, 163, 164, 171, 185, 186, 187, 188, 189, 190, 191, 192, 199, 200, 207, 225, 226, 239, 240, 241, 242, 243, 244, 245, 246, 255, 256, 269, 273, 277, 315]
333: [4, 142, 143, 145, 148, 149, 163, 164, 171, 185, 186, 187, 188, 189, 190, 191, 192, 199, 200, 207, 225, 226, 239, 240, 241, 242, 243, 244, 245, 246, 255, 256, 269, 273, 277, 315]
334: [16, 142, 143, 145, 148, 149, 163, 164, 171, 185, 186, 187, 188, 189, 190, 191, 192, 199, 200, 207, 225, 226, 239, 240, 241, 242, 243, 244, 245, 246, 255, 256, 269, 273, 277, 315]
335: [18, 142, 143, 145, 148, 149, 163, 164, 171, 185, 186, 187, 188, 189, 190, 191, 192, 199, 200, 207, 225, 226, 239, 240, 241, 242, 243, 244, 245, 246, 255, 256, 269, 273, 277, 315]
336: [20, 142, 143, 145, 148, 149, 163, 164, 171, 185, 186, 187, 188, 189, 190, 191, 192, 199, 200, 207, 225, 226, 239, 240, 241, 242, 243, 244, 245, 246, 255, 256, 269, 273, 277, 315]
337: [22, 142, 143, 145, 148, 149, 163, 164, 171, 185, 186, 187, 188, 189, 190, 191, 192, 199, 200, 207, 225, 226, 239, 240, 241, 242, 243, 244, 245, 246, 255, 256, 269, 273, 277, 315]
338: [24, 142, 143, 145, 148, 149, 163, 164, 171, 185, 186, 187, 188, 189, 190, 191, 192, 199, 200, 207, 225, 226, 239, 240, 241, 242, 243, 244, 245, 246, 255, 256, 269, 273, 277, 315]
339: [26, 142, 143, 145, 148, 149, 163, 164, 171, 185, 186, 187, 188, 189, 190, 191, 192, 199, 200, 207, 225, 226, 239, 240, 241, 242, 243, 244, 245, 246, 255, 256, 269, 273, 277, 315]
340: [28, 142, 143, 145, 148, 149, 163, 164, 171, 185, 186, 187, 188, 189, 190, 191, 192, 199, 200, 207, 225, 226, 239, 240, 241, 242, 243, 244, 245, 246, 255, 256, 269, 273, 277, 315]
341: [30, 142, 143, 145, 148, 149, 163, 164, 171, 185, 186, 187, 188, 189, 190, 191, 192, 199, 200, 207, 225, 226, 239, 240, 241, 242, 243, 244, 245, 246, 255, 256, 269, 273, 277, 315]
342: [32, 142, 143, 145, 148, 149, 163, 164, 171, 185, 186, 187, 188, 189, 190, 191, 192, 199, 200, 207, 225, 226, 239, 240, 241, 242, 243, 244, 245, 246, 255, 256, 269, 273, 277, 315]
343: [34, 142, 143, 145, 148, 149, 163, 164, 171, 185, 186, 187, 188, 189, 190, 191, 192, 199, 200, 207, 225, 226, 239, 240, 241, 242, 243, 244, 245, 246, 255, 256, 269, 273, 277, 315]
344: [6, 74, 75, 142, 143, 145, 150, 163, 164, 185, 186, 187, 188, 189, 190, 191, 192, 199, 200, 207, 225, 226, 239, 240, 241, 242, 243, 244, 245, 246, 255, 256, 269, 273, 280, 328]
345: [36, 74, 75, 142, 143, 145, 150, 163, 164, 185, 186, 187, 188, 189, 190, 191, 192, 199, 200, 207, 225, 226, 239, 240, 241, 242, 243, 244, 245, 246, 255, 256, 269, 273, 280, 328]
346: [8, 142, 143, 145, 155, 156, 163, 164, 173, 185, 186, 187, 188, 189, 190, 191, 192, 199, 200, 207, 225, 226, 239, 240, 241, 242, 243, 244, 245, 246, 255, 256, 269, 273, 281, 331]
347: [38, 142, 143, 145, 155, 156, 163, 164, 173, 185, 186, 187, 188, 189, 190, 191, 192, 199, 200, 207, 225, 226, 239, 240, 241, 242, 243, 244, 245, 246, 255, 256, 269, 273, 281, 331]
348: [40, 142, 143, 145, 155, 156, 163, 164, 173, 185, 186, 187, 188, 189, 190, 191, 192, 199, 200, 207, 225, 226, 239, 240, 241, 242, 243, 244, 245, 246, 255, 256, 269, 273, 281, 331]
349: [42, 142, 143, 145, 155, 156, 163, 164, 173, 185, 186, 187, 188, 189, 190, 191, 192, 199, 200, 207, 225, 226, 239, 240, 241, 242, 243, 244, 245, 246, 255, 256, 269, 273, 281, 331]
350: [44, 142, 143, 145, 155, 156, 163, 164, 173, 185, 186, 187, 188, 189, 190, 191, 192, 199, 200, 207, 225, 226, 239, 240, 241, 242, 243, 244, 245, 246, 255, 256, 269, 273, 281, 331]
351: [46, 142, 143, 145, 155, 156, 163, 164, 173, 185, 186, 187, 188, 189, 190, 191, 192, 199, 200, 207, 225, 226, 239, 240, 241, 242, 243, 244, 245, 246, 255, 256, 269, 273, 281, 331]
352: [48, 142, 143, 145, 155, 156, 163, 164, 173, 185, 186, 187, 188, 189, 190, 191, 192, 199, 200, 207, 225, 226, 239, 240, 241, 242, 243, 244, 245, 246, 255, 256, 269, 273, 281, 331]
353: [50, 142, 143, 145, 155, 156, 163, 164, 173, 185, 186, 187, 188, 189, 190, 191, 192, 199, 200, 207, 225, 226, 239, 240, 241, 242, 243, 244, 245, 246, 255, 256, 269, 273, 281, 331]
354: [52, 142, 143, 145, 155, 156, 163, 164, 173, 185, 186, 187, 188, 189, 190, 191, 192, 199, 200, 207, 225, 226, 239, 240, 241, 242, 243, 244, 245, 246, 255, 256, 269, 273, 281, 331]
355: [54, 142, 143, 145, 155, 156, 163, 164, 173, 185, 186, 187, 188, 189, 190, 191, 192, 199, 200, 207, 225, 226, 239, 240, 241, 242, 243, 244, 245, 246, 255, 256, 269, 273, 281, 331]
356: [56, 142, 143, 145, 155, 156, 163, 164, 173, 185, 186, 187, 188, 189, 190, 191, 192, 199, 200, 207, 225, 226, 239, 240, 241, 242, 243, 244, 245, 246, 255, 256, 269, 273, 281, 331]
357: [58, 142, 143, 145, 155, 156, 163, 164, 173, 185, 186, 187, 188, 189, 190, 191, 192, 199, 200, 207, 225, 226, 239, 240, 241, 242, 243, 244, 245, 246, 255, 256, 269, 273, 281, 331]
358: [60, 142, 143, 145, 155, 156, 163, 164, 173, 185, 186, 187, 188, 189, 190, 191, 192, 199, 200, 207, 225, 226, 239, 240, 241, 242, 243, 244, 245, 246, 255, 256, 269, 273, 281, 331]
359: [87, 88, 90, 117, 118, 126, 127, 128, 213, 214, 215, 216, 217, 218, 219, 220, 221, 222, 223, 224, 239, 240, 241, 242, 247, 248, 249, 250, 257, 258, 261, 262, 284, 292]
360: [112, 113, 177, 178, 180, 194, 209, 210, 213, 214, 215, 216, 217, 218, 219, 220, 221, 222, 223, 224, 239, 240, 241, 242, 247, 248, 249, 250, 257, 258, 259, 260, 283, 288]
361: [87, 88, 90, 102, 117, 118, 126, 127, 128, 213, 214, 215, 216, 217, 218, 219, 220, 221, 222, 223, 224, 239, 240, 241, 242, 247, 248, 249, 250, 257, 258, 261, 262, 284, 292, 359]
362: [165, 166, 177, 178, 180, 198, 209, 210, 213, 214, 215, 216, 217, 218, 219, 220, 221, 222, 223, 224, 239, 240, 241, 242, 247, 248, 249, 250, 257, 258, 259, 260, 283, 289]
363: [160, 161, 177, 178, 180, 197, 209, 210, 213, 214, 215, 216, 217, 218, 219, 220, 221, 222, 223, 224, 239, 240, 241, 242, 247, 248, 249, 250, 257, 258, 259, 260, 283, 290]
364: [183, 184, 193, 199, 200, 208, 213, 214, 215, 216, 217, 218, 219, 220, 221, 222, 223, 224, 225, 226, 239, 240, 241, 242, 247, 248, 249, 250, 257, 258, 263, 264, 285, 294]
365: [119, 120, 183, 184, 193, 195, 213, 214, 215, 216, 217, 218, 219, 220, 221, 222, 223, 224, 225, 226, 239, 240, 241, 242, 247, 248, 249, 250, 257, 258, 263, 264, 285, 295]
366: [121, 122, 183, 184, 193, 196, 213, 214, 215, 216, 217, 218, 219, 220, 221, 222, 223, 224, 225, 226, 239, 240, 241, 242, 247, 248, 249, 250, 257, 258, 263, 264, 285, 296]
367: [104, 119, 120, 183, 184, 193, 195, 213, 214, 215, 216, 217, 218, 219, 220, 221, 222, 223, 224, 225, 226, 239, 240, 241, 242, 247, 248, 249, 250, 257, 258, 263, 264, 285, 295, 365]
368: [100, 112, 113, 177, 178, 180, 194, 209, 210, 213, 214, 215, 216, 217, 218, 219, 220, 221, 222, 223, 224, 239, 240, 241, 242, 247, 248, 249, 250, 257, 258, 259, 260, 283, 288, 360]
369: [106, 121, 122, 183, 184, 193, 196, 213, 214, 215, 216, 217, 218, 219, 220, 221, 222, 223, 224, 225, 226, 239, 240, 241, 242, 247, 248, 249, 250, 257, 258, 263, 264, 285, 296, 366]
370: [149, 183, 184, 193, 199, 200, 208, 213, 214, 215, 216, 217, 218, 219, 220, 221, 222, 223, 224, 225, 226, 239, 240, 241, 242, 247, 248, 249, 250, 257, 258, 263, 264, 285, 294, 364]
371: [146, 165, 166, 177, 178, 180, 198, 209, 210, 213, 214, 215, 216, 217, 218, 219, 220, 221, 222, 223, 224, 239, 240, 241, 242, 247, 248, 249, 250, 257, 258, 259, 260, 283, 289, 362]
372: [72, 165, 166, 177, 178, 180, 198, 209, 210, 213, 214, 215, 216, 217, 218, 219, 220, 221, 222, 223, 224, 239, 240, 241, 242, 247, 248, 249, 250, 257, 258, 259, 260, 283, 289, 362]
373: [75, 183, 184, 193, 199, 200, 208, 213, 214, 215, 216, 217, 218, 219, 220, 221, 222, 223, 224, 225, 226, 239, 240, 241, 242, 247, 248, 249, 250, 257, 258, 263, 264, 285, 294, 364]
374: [156, 183, 184, 193, 199, 200, 208, 213, 214, 215, 216, 217, 218, 219, 220, 221, 222, 223, 224, 225, 226, 239, 240, 241, 242, 247, 248, 249, 250, 257, 258, 263, 264, 285, 294, 364]
375: [153, 160, 161, 177, 178, 180, 197, 209, 210, 213, 214, 215, 216, 217, 218, 219, 220, 221, 222, 223, 224, 239, 240, 241, 242, 247, 248, 249, 250, 257, 258, 259, 260, 283, 290, 363]
376: [78, 79, 83, 103, 104, 110, 119, 120, 183, 184, 193, 195, 213, 214, 215, 216, 217, 218, 219, 220, 221, 222, 223, 224, 225, 226, 239, 240, 241, 242, 247, 248, 249, 250, 257, 258, 263, 264, 285, 295, 365, 367]
377: [76, 77, 82, 99, 100, 111, 112, 113, 177, 178, 180, 194, 209, 210, 213, 214, 215, 216, 217, 218, 219, 220, 221, 222, 223, 224, 239, 240, 241, 242, 247, 248, 249, 250, 257, 258, 259, 260, 283, 288, 360, 368]
378: [80, 81, 84, 105, 106, 114, 121, 122, 183, 184, 193, 196, 213, 214, 215, 216, 217, 218, 219, 220, 221, 222, 223, 224, 225, 226, 239, 240, 241, 242, 247, 248, 249, 250, 257, 258, 263, 264, 285, 296, 366, 369]
379: [136, 137, 138, 153, 154, 159, 160, 161, 177, 178, 180, 197, 209, 210, 213, 214, 215, 216, 217, 218, 219, 220, 221, 222, 223, 224, 239, 240, 241, 242, 247, 248, 249, 250, 257, 258, 259, 260, 283, 290, 363, 375]
380: [139, 140, 141, 146, 147, 162, 165, 166, 177, 178, 180, 198, 209, 210, 213, 214, 215, 216, 217, 218, 219, 220, 221, 222, 223, 224, 239, 240, 241, 242, 247, 248, 249, 250, 257, 258, 259, 260, 283, 289, 362, 371]
381: [72, 73, 139, 140, 141, 144, 165, 166, 177, 178, 180, 198, 209, 210, 213, 214, 215, 216, 217, 218, 219, 220, 221, 222, 223, 224, 239, 240, 241, 242, 247, 248, 249, 250, 257, 258, 259, 260, 283, 289, 362, 372]
382: [80, 81, 84, 94, 105, 106, 114, 121, 122, 183, 184, 193, 196, 213, 214, 215, 216, 217, 218, 219, 220, 221, 222, 223, 224, 225, 226, 239, 240, 241, 242, 247, 248, 249, 250, 257, 258, 263, 264, 285, 296, 366, 369, 378]
383: [78, 79, 83, 91, 103, 104, 110, 119, 120, 183, 184, 193, 195, 213, 214, 215, 216, 217, 218, 219, 220, 221, 222, 223, 224, 225, 226, 239, 240, 241, 242, 247, 248, 249, 250, 257, 258, 263, 264, 285, 295, 365, 367, 376]
384: [76, 77, 82, 92, 99, 100, 111, 112, 113, 177, 178, 180, 194, 209, 210, 213, 214, 215, 216, 217, 218, 219, 220, 221, 222, 223, 224, 239, 240, 241, 242, 247, 248, 249, 250, 257, 258, 259, 260, 283, 288, 360, 368, 377]
385: [148, 149, 167, 168, 169, 179, 183, 184, 193, 199, 200, 208, 213, 214, 215, 216, 217, 218, 219, 220, 221, 222, 223, 224, 225, 226, 239, 240, 241, 242, 247, 248, 249, 250, 257, 258, 263, 264, 285, 294, 364, 370]
386: [74, 75, 167, 168, 169, 172, 183, 184, 193, 199, 200, 208, 213, 214, 215, 216, 217, 218, 219, 220, 221, 222, 223, 224, 225, 226, 239, 240, 241, 242, 247, 248, 249, 250, 257, 258, 263, 264, 285, 294, 364, 373]
387: [9, 136, 137, 138, 153, 154, 159, 160, 161, 177, 178, 180, 197, 209, 210, 213, 214, 215, 216, 217, 218, 219, 220, 221, 222, 223, 224, 239, 240, 241, 242, 247, 248, 249, 250, 257, 258, 259, 260, 283, 290, 363, 375, 379]
388: [155, 156, 167, 168, 169, 181, 183, 184, 193, 199, 200, 208, 213, 214, 215, 216, 217, 218, 219, 220, 221, 222, 223, 224, 225, 226, 239, 240, 241, 242, 247, 248, 249, 250, 257, 258, 263, 264, 285, 294, 364, 374]
389: [39, 136, 137, 138, 153, 154, 159, 160, 161, 177, 178, 180, 197, 209, 210, 213, 214, 215, 216, 217, 218, 219, 220, 221, 222, 223, 224, 239, 240, 241, 242, 247, 248, 249, 250, 257, 258, 259, 260, 283, 290, 363, 375, 379]
390: [41, 136, 137, 138, 153, 154, 159, 160, 161, 177, 178, 180, 197, 209, 210, 213, 214, 215, 216, 217, 218, 219, 220, 221, 222, 223, 224, 239, 240, 241, 242, 247, 248, 249, 250, 257, 258, 259, 260, 283, 290, 363, 375, 379]
391: [43, 136, 137, 138, 153, 154, 159, 160, 161, 177, 178, 180, 197, 209, 210, 213, 214, 215, 216, 217, 218, 219, 220, 221, 222, 223, 224, 239, 240, 241, 242, 247, 248, 249, 250, 257, 258, 259, 260, 283, 290, 363, 375, 379]
392: [45, 136, 137, 138, 153, 154, 159, 160, 161, 177, 178, 180, 197, 209, 210, 213, 214, 215, 216, 217, 218, 219, 220, 221, 222, 223, 224, 239, 240, 241, 242, 247, 248, 249, 250, 257, 258, 259, 260, 283, 290, 363, 375, 379]
393: [47, 136, 137, 138, 153, 154, 159, 160, 161, 177, 178, 180, 197, 209, 210, 213, 214, 215, 216, 217, 218, 219, 220, 221, 222, 223, 224, 239, 240, 241, 242, 247, 248, 249, 250, 257, 258, 259, 260, 283, 290, 363, 375, 379]
394: [49, 136, 137, 138, 153, 154, 159, 160, 161, 177, 178, 180, 197, 209, 210, 213, 214, 215, 216, 217, 218, 219, 220, 221, 222, 223, 224, 239, 240, 241, 242, 247, 248, 249, 250, 257, 258, 259, 260, 283, 290, 363, 375, 379]
395: [51, 136, 137, 138, 153, 154, 159, 160, 161, 177, 178, 180, 197, 209, 210, 213, 214, 215, 216, 217, 218, 219, 220, 221, 222, 223, 224, 239, 240, 241, 242, 247, 248, 249, 250, 257, 258, 259, 260, 283, 290, 363, 375, 379]
396: [53, 136, 137, 138, 153, 154, 159, 160, 161, 177, 178, 180, 197, 209, 210, 213, 214, 215, 216, 217, 218, 219, 220, 221, 222, 223, 224, 239, 240, 241, 242, 247, 248, 249, 250, 257, 258, 259, 260, 283, 290, 363, 375, 379]
397: [55, 136, 137, 138, 153, 154, 159, 160, 161, 177, 178, 180, 197, 209, 210, 213, 214, 215, 216, 217, 218, 219, 220, 221, 222, 223, 224, 239, 240, 241, 242, 247, 248, 249, 250, 257, 258, 259, 260, 283, 290, 363, 375, 379]
398: [57, 136, 137, 138, 153, 154, 159, 160, 161, 177, 178, 180, 197, 209, 210, 213, 214, 215, 216, 217, 218, 219, 220, 221, 222, 223, 224, 239, 240, 241, 242, 247, 248, 249, 250, 257, 258, 259, 260, 283, 290, 363, 375, 379]
399: [59, 136, 137, 138, 153, 154, 159, 160, 161, 177, 178, 180, 197, 209, 210, 213, 214, 215, 216, 217, 218, 219, 220, 221, 222, 223, 224, 239, 240, 241, 242, 247, 248, 249, 250, 257, 258, 259, 260, 283, 290, 363, 375, 379]
400: [61, 136, 137, 138, 153, 154, 159, 160, 161, 177, 178, 180, 197, 209, 210, 213, 214, 215, 216, 217, 218, 219, 220, 221, 222, 223, 224, 239, 240, 241, 242, 247, 248, 249, 250, 257, 258, 259, 260, 283, 290, 363, 375, 379]
401: [3, 139, 140, 141, 146, 147, 162, 165, 166, 177, 178, 180, 198, 209, 210, 213, 214, 215, 216, 217, 218, 219, 220, 221, 222, 223, 224, 239, 240, 241, 242, 247, 248, 249, 250, 257, 258, 259, 260, 283, 289, 362, 371, 380]
402: [5, 139, 140, 141, 146, 147, 162, 165, 166, 177, 178, 180, 198, 209, 210, 213, 214, 215, 216, 217, 218, 219, 220, 221, 222, 223, 224, 239, 240, 241, 242, 247, 248, 249, 250, 257, 258, 259, 260, 283, 289, 362, 371, 380]
403: [17, 139, 140, 141, 146, 147, 162, 165, 166, 177, 178, 180, 198, 209, 210, 213, 214, 215, 216, 217, 218, 219, 220, 221, 222, 223, 224, 239, 240, 241, 242, 247, 248, 249, 250, 257, 258, 259, 260, 283, 289, 362, 371, 380]
404: [19, 139, 140, 141, 146, 147, 162, 165, 166, 177, 178, 180, 198, 209, 210, 213, 214, 215, 216, 217, 218, 219, 220, 221, 222, 223, 224, 239, 240, 241, 242, 247, 248, 249, 250, 257, 258, 259, 260, 283, 289, 362, 371, 380]
405: [21, 139, 140, 141, 146, 147, 162, 165, 166, 177, 178, 180, 198, 209, 210, 213, 214, 215, 216, 217, 218, 219, 220, 221, 222, 223, 224, 239, 240, 241, 242, 247, 248, 249, 250, 257, 258, 259, 260, 283, 289, 362, 371, 380]
406: [23, 139, 140, 141, 146, 147, 162, 165, 166, 177, 178, 180, 198, 209, 210, 213, 214, 215, 216, 217, 218, 219, 220, 221, 222, 223, 224, 239, 240, 241, 242, 247, 248, 249, 250, 257, 258, 259, 260, 283, 289, 362, 371, 380]
407: [25, 139, 140, 141, 146, 147, 162, 165, 166, 177, 178, 180, 198, 209, 210, 213, 214, 215, 216, 217, 218, 219, 220, 221, 222, 223, 224, 239, 240, 241, 242, 247, 248, 249, 250, 257, 258, 259, 260, 283, 289, 362, 371, 380]
408: [27, 139, 140, 141, 146, 147, 162, 165, 166, 177, 178, 180, 198, 209, 210, 213, 214, 215, 216, 217, 218, 219, 220, 221, 222, 223, 224, 239, 240, 241, 242, 247, 248, 249, 250, 257, 258, 259, 260, 283, 289, 362, 371, 380]
409: [29, 139, 140, 141, 146, 147, 162, 165, 166, 177, 178, 180, 198, 209, 210, 213, 214, 215, 216, 217, 218, 219, 220, 221, 222, 223, 224, 239, 240, 241, 242, 247, 248, 249, 250, 257, 258, 259, 260, 283, 289, 362, 371, 380]
410: [31, 139, 140, 141, 146, 147, 162, 165, 166, 177, 178, 180, 198, 209, 210, 213, 214, 215, 216, 217, 218, 219, 220, 221, 222, 223, 224, 239, 240, 241, 242, 247, 248, 249, 250, 257, 258, 259, 260, 283, 289, 362, 371, 380]
411: [33, 139, 140, 141, 146, 147, 162, 165, 166, 177, 178, 180, 198, 209, 210, 213, 214, 215, 216, 217, 218, 219, 220, 221, 222, 223, 224, 239, 240, 241, 242, 247, 248, 249, 250, 257, 258, 259, 260, 283, 289, 362, 371, 380]
412: [35, 139, 140, 141, 146, 147, 162, 165, 166, 177, 178, 180, 198, 209, 210, 213, 214, 215, 216, 217, 218, 219, 220, 221, 222, 223, 224, 239, 240, 241, 242, 247, 248, 249, 250, 257, 258, 259, 260, 283, 289, 362, 371, 380]
413: [7, 72, 73, 139, 140, 141, 144, 165, 166, 177, 178, 180, 198, 209, 210, 213, 214, 215, 216, 217, 218, 219, 220, 221, 222, 223, 224, 239, 240, 241, 242, 247, 248, 249, 250, 257, 258, 259, 260, 283, 289, 362, 372, 381]
414: [37, 72, 73, 139, 140, 141, 144, 165, 166, 177, 178, 180, 198, 209, 210, 213, 214, 215, 216, 217, 218, 219, 220, 221, 222, 223, 224, 239, 240, 241, 242, 247, 248, 249, 250, 257, 258, 259, 260, 283, 289, 362, 372, 381]
415: [2, 148, 149, 167, 168, 169, 179, 183, 184, 193, 199, 200, 208, 213, 214, 215, 216, 217, 218, 219, 220, 221, 222, 223, 224, 225, 226, 239, 240, 241, 242, 247, 248, 249, 250, 257, 258, 263, 264, 285, 294, 364, 370, 385]
416: [4, 148, 149, 167, 168, 169, 179, 183, 184, 193, 199, 200, 208, 213, 214, 215, 216, 217, 218, 219, 220, 221, 222, 223, 224, 225, 226, 239, 240, 241, 242, 247, 248, 249, 250, 257, 258, 263, 264, 285, 294, 364, 370, 385]
417: [16, 148, 149, 167, 168, 169, 179, 183, 184, 193, 199, 200, 208, 213, 214, 215, 216, 217, 218, 219, 220, 221, 222, 223, 224, 225, 226, 239, 240, 241, 242, 247, 248, 249, 250, 257, 258, 263, 264, 285, 294, 364, 370, 385]
418: [18, 148, 149, 167, 168, 169, 179, 183, 184, 193, 199, 200, 208, 213, 214, 215, 216, 217, 218, 219, 220, 221, 222, 223, 224, 225, 226, 239, 240, 241, 242, 247, 248, 249, 250, 257, 258, 263, 264, 285, 294, 364, 370, 385]
419: [20, 148, 149, 167, 168, 169, 179, 183, 184, 193, 199, 200, 208, 213, 214, 215, 216, 217, 218, 219, 220, 221, 222, 223, 224, 225, 226, 239, 240, 241, 242, 247, 248, 249, 250, 257, 258, 263, 264, 285, 294, 364, 370, 385]
420: [22, 148, 149, 167, 168, 169, 179, 183, 184, 193, 199, 200, 208, 213, 214, 215, 216, 217, 218, 219, 220, 221, 222, 223, 224, 225, 226, 239, 240, 241, 242, 247, 248, 249, 250, 257, 258, 263, 264, 285, 294, 364, 370, 385]
421: [24, 148, 149, 167, 168, 169, 179, 183, 184, 193, 199, 200, 208, 213, 214, 215, 216, 217, 218, 219, 220, 221, 222, 223, 224, 225, 226, 239, 240, 241, 242, 247, 248, 249, 250, 257, 258, 263, 264, 285, 294, 364, 370, 385]
422: [26, 148, 149, 167, 168, 169, 179, 183, 184, 193, 199, 200, 208, 213, 214, 215, 216, 217, 218, 219, 220, 221, 222, 223, 224, 225, 226, 239, 240, 241, 242, 247, 248, 249, 250, 257, 258, 263, 264, 285, 294, 364, 370, 385]
423: [28, 148, 149, 167, 168, 169, 179, 183, 184, 193, 199, 200, 208, 213, 214, 215, 216, 217, 218, 219, 220, 221, 222, 223, 224, 225, 226, 239, 240, 241, 242, 247, 248, 249, 250, 257, 258, 263, 264, 285, 294, 364, 370, 385]
424: [30, 148, 149, 167, 168, 169, 179, 183, 184, 193, 199, 200, 208, 213, 214, 215, 216, 217, 218, 219, 220, 221, 222, 223, 224, 225, 226, 239, 240, 241, 242, 247, 248, 249, 250, 257, 258, 263, 264, 285, 294, 364, 370, 385]
425: [32, 148, 149, 167, 168, 169, 179, 183, 184, 193, 199, 200, 208, 213, 214, 215, 216, 217, 218, 219, 220, 221, 222, 223, 224, 225, 226, 239, 240, 241, 242, 247, 248, 249, 250, 257, 258, 263, 264, 285, 294, 364, 370, 385]
426: [34, 148, 149, 167, 168, 169, 179, 183, 184, 193, 199, 200, 208, 213, 214, 215, 216, 217, 218, 219, 220, 221, 222, 223, 224, 225, 226, 239, 240, 241, 242, 247, 248, 249, 250, 257, 258, 263, 264, 285, 294, 364, 370, 385]
427: [6, 74, 75, 167, 168, 169, 172, 183, 184, 193, 199, 200, 208, 213, 214, 215, 216, 217, 218, 219, 220, 221, 222, 223, 224, 225, 226, 239, 240, 241, 242, 247, 248, 249, 250, 257, 258, 263, 264, 285, 294, 364, 373, 386]
428: [36, 74, 75, 167, 168, 169, 172, 183, 184, 193, 199, 200, 208, 213, 214, 215, 216, 217, 218, 219, 220, 221, 222, 223, 224, 225, 226, 239, 240, 241, 242, 247, 248, 249, 250, 257, 258, 263, 264, 285, 294, 364, 373, 386]
429: [8, 155, 156, 167, 168, 169, 181, 183, 184, 193, 199, 200, 208, 213, 214, 215, 216, 217, 218, 219, 220, 221, 222, 223, 224, 225, 226, 239, 240, 241, 242, 247, 248, 249, 250, 257, 258, 263, 264, 285, 294, 364, 374, 388]
430: [38, 155, 156, 167, 168, 169, 181, 183, 184, 193, 199, 200, 208, 213, 214, 215, 216, 217, 218, 219, 220, 221, 222, 223, 224, 225, 226, 239, 240, 241, 242, 247, 248, 249, 250, 257, 258, 263, 264, 285, 294, 364, 374, 388]
431: [40, 155, 156, 167, 168, 169, 181, 183, 184, 193, 199, 200, 208, 213, 214, 215, 216, 217, 218, 219, 220, 221, 222, 223, 224, 225, 226, 239, 240, 241, 242, 247, 248, 249, 250, 257, 258, 263, 264, 285, 294, 364, 374, 388]
432: [42, 155, 156, 167, 168, 169, 181, 183, 184, 193, 199, 200, 208, 213, 214, 215, 216, 217, 218, 219, 220, 221, 222, 223, 224, 225, 226, 239, 240, 241, 242, 247, 248, 249, 250, 257, 258, 263, 264, 285, 294, 364, 374, 388]
433: [44, 155, 156, 167, 168, 169, 181, 183, 184, 193, 199, 200, 208, 213, 214, 215, 216, 217, 218, 219, 220, 221, 222, 223, 224, 225, 226, 239, 240, 241, 242, 247, 248, 249, 250, 257, 258, 263, 264, 285, 294, 364, 374, 388]
434: [46, 155, 156, 167, 168, 169, 181, 183, 184, 193, 199, 200, 208, 213, 214, 215, 216, 217, 218, 219, 220, 221, 222, 223, 224, 225, 226, 239, 240, 241, 242, 247, 248, 249, 250, 257, 258, 263, 264, 285, 294, 364, 374, 388]
435: [48, 155, 156, 167, 168, 169, 181, 183, 184, 193, 199, 200, 208, 213, 214, 215, 216, 217, 218, 219, 220, 221, 222, 223, 224, 225, 226, 239, 240, 241, 242, 247, 248, 249, 250, 257, 258, 263, 264, 285, 294, 364, 374, 388]
436: [50, 155, 156, 167, 168, 169, 181, 183, 184, 193, 199, 200, 208, 213, 214, 215, 216, 217, 218, 219, 220, 221, 222, 223, 224, 225, 226, 239, 240, 241, 242, 247, 248, 249, 250, 257, 258, 263, 264, 285, 294, 364, 374, 388]
437: [52, 155, 156, 167, 168, 169, 181, 183, 184, 193, 199, 200, 208, 213, 214, 215, 216, 217, 218, 219, 220, 221, 222, 223, 224, 225, 226, 239, 240, 241, 242, 247, 248, 249, 250, 257, 258, 263, 264, 285, 294, 364, 374, 388]
438: [54, 155, 156, 167, 168, 169, 181, 183, 184, 193, 199, 200, 208, 213, 214, 215, 216, 217, 218, 219, 220, 221, 222, 223, 224, 225, 226, 239, 240, 241, 242, 247, 248, 249, 250, 257, 258, 263, 264, 285, 294, 364, 374, 388]
439: [56, 155, 156, 167, 168, 169, 181, 183, 184, 193, 199, 200, 208, 213, 214, 215, 216, 217, 218, 219, 220, 221, 222, 223, 224, 225, 226, 239, 240, 241, 242, 247, 248, 249, 250, 257, 258, 263, 264, 285, 294, 364, 374, 388]
440: [58, 155, 156, 167, 168, 169, 181, 183, 184, 193, 199, 200, 208, 213, 214, 215, 216, 217, 218, 219, 220, 221, 222, 223, 224, 225, 226, 239, 240, 241, 242, 247, 248, 249, 250, 257, 258, 263, 264, 285, 294, 364, 374, 388]
441: [60, 155, 156, 167, 168, 169, 181, 183, 184, 193, 199, 200, 208, 213, 214, 215, 216, 217, 218, 219, 220, 221, 222, 223, 224, 225, 226, 239, 240, 241, 242, 247, 248, 249, 250, 257, 258, 263, 264, 285, 294, 364, 374, 388]
442: [62, 63, 64, 65, 91, 92, 99, 100, 103, 104, 107, 108, 112, 113, 119, 120, 151, 152, 163, 164, 170, 174, 185, 186, 187, 188, 189, 190, 191, 192, 209, 210, 225, 226, 239, 240, 241, 242, 243, 244, 245, 246, 251, 252, 255, 256, 265, 270, 274, 275, 286, 287, 300, 301]
443: [1, 62, 63, 64, 65, 91, 92, 99, 100, 103, 104, 107, 108, 112, 113, 119, 120, 151, 152, 163, 164, 170, 174, 185, 186, 187, 188, 189, 190, 191, 192, 209, 210, 225, 226, 239, 240, 241, 242, 243, 244, 245, 246, 251, 252, 255, 256, 265, 270, 274, 275, 286, 287, 300, 301, 442]
444: [11, 62, 63, 64, 65, 91, 92, 99, 100, 103, 104, 107, 108, 112, 113, 119, 120, 151, 152, 163, 164, 170, 174, 185, 186, 187, 188, 189, 190, 191, 192, 209, 210, 225, 226, 239, 240, 241, 242, 243, 244, 245, 246, 251, 252, 255, 256, 265, 270, 274, 275, 286, 287, 300, 301, 442]
445: [13, 62, 63, 64, 65, 91, 92, 99, 100, 103, 104, 107, 108, 112, 113, 119, 120, 151, 152, 163, 164, 170, 174, 185, 186, 187, 188, 189, 190, 191, 192, 209, 210, 225, 226, 239, 240, 241, 242, 243, 244, 245, 246, 251, 252, 255, 256, 265, 270, 274, 275, 286, 287, 300, 301, 442]
446: [15, 62, 63, 64, 65, 91, 92, 99, 100, 103, 104, 107, 108, 112, 113, 119, 120, 151, 152, 163, 164, 170, 174, 185, 186, 187, 188, 189, 190, 191, 192, 209, 210, 225, 226, 239, 240, 241, 242, 243, 244, 245, 246, 251, 252, 255, 256, 265, 270, 274, 275, 286, 287, 300, 301, 442]
447: [38, 39, 95, 96, 142, 143, 145, 151, 152, 153, 154, 155, 156, 158, 160, 161, 163, 164, 173, 176, 185, 186, 187, 188, 189, 190, 191, 192, 199, 200, 207, 209, 210, 225, 226, 239, 240, 241, 242, 243, 244, 245, 246, 251, 252, 255, 256, 267, 269, 273, 281, 282, 293, 303, 331, 347]
448: [40, 41, 95, 96, 142, 143, 145, 151, 152, 153, 154, 155, 156, 158, 160, 161, 163, 164, 173, 176, 185, 186, 187, 188, 189, 190, 191, 192, 199, 200, 207, 209, 210, 225, 226, 239, 240, 241, 242, 243, 244, 245, 246, 251, 252, 255, 256, 267, 269, 273, 281, 282, 293, 304, 331, 348]
449: [42, 43, 95, 96, 142, 143, 145, 151, 152, 153, 154, 155, 156, 158, 160, 161, 163, 164, 173, 176, 185, 186, 187, 188, 189, 190, 191, 192, 199, 200, 207, 209, 210, 225, 226, 239, 240, 241, 242, 243, 244, 245, 246, 251, 252, 255, 256, 267, 269, 273, 281, 282, 293, 305, 331, 349]
450: [44, 45, 95, 96, 142, 143, 145, 151, 152, 153, 154, 155, 156, 158, 160, 161, 163, 164, 173, 176, 185, 186, 187, 188, 189, 190, 191, 192, 199, 200, 207, 209, 210, 225, 226, 239, 240, 241, 242, 243, 244, 245, 246, 251, 252, 255, 256, 267, 269, 273, 281, 282, 293, 306, 331, 350]
451: [46, 47, 95, 96, 142, 143, 145, 151, 152, 153, 154, 155, 156, 158, 160, 161, 163, 164, 173, 176, 185, 186, 187, 188, 189, 190, 191, 192, 199, 200, 207, 209, 210, 225, 226, 239, 240, 241, 242, 243, 244, 245, 246, 251, 252, 255, 256, 267, 269, 273, 281, 282, 293, 307, 331, 351]
452: [48, 49, 95, 96, 142, 143, 145, 151, 152, 153, 154, 155, 156, 158, 160, 161, 163, 164, 173, 176, 185, 186, 187, 188, 189, 190, 191, 192, 199, 200, 207, 209, 210, 225, 226, 239, 240, 241, 242, 243, 244, 245, 246, 251, 252, 255, 256, 267, 269, 273, 281, 282, 293, 308, 331, 352]
453: [50, 51, 95, 96, 142, 143, 145, 151, 152, 153, 154, 155, 156, 158, 160, 161, 163, 164, 173, 176, 185, 186, 187, 188, 189, 190, 191, 192, 199, 200, 207, 209, 210, 225, 226, 239, 240, 241, 242, 243, 244, 245, 246, 251, 252, 255, 256, 267, 269, 273, 281, 282, 293, 309, 331, 353]
454: [52, 53, 95, 96, 142, 143, 145, 151, 152, 153, 154, 155, 156, 158, 160, 161, 163, 164, 173, 176, 185, 186, 187, 188, 189, 190, 191, 192, 199, 200, 207, 209, 210, 225, 226, 239, 240, 241, 242, 243, 244, 245, 246, 251, 252, 255, 256, 267, 269, 273, 281, 282, 293, 310, 331, 354]
455: [54, 55, 95, 96, 142, 143, 145, 151, 152, 153, 154, 155, 156, 158, 160, 161, 163, 164, 173, 176, 185, 186, 187, 188, 189, 190, 191, 192, 199, 200, 207, 209, 210, 225, 226, 239, 240, 241, 242, 243, 244, 245, 246, 251, 252, 255, 256, 267, 269, 273, 281, 282, 293, 311, 331, 355]
456: [56, 57, 95, 96, 142, 143, 145, 151, 152, 153, 154, 155, 156, 158, 160, 161, 163, 164, 173, 176, 185, 186, 187, 188, 189, 190, 191, 192, 199, 200, 207, 209, 210, 225, 226, 239, 240, 241, 242, 243, 244, 245, 246, 251, 252, 255, 256, 267, 269, 273, 281, 282, 293, 312, 331, 356]
457: [58, 59, 95, 96, 142, 143, 145, 151, 152, 153, 154, 155, 156, 158, 160, 161, 163, 164, 173, 176, 185, 186, 187, 188, 189, 190, 191, 192, 199, 200, 207, 209, 210, 225, 226, 239, 240, 241, 242, 243, 244, 245, 246, 251, 252, 255, 256, 267, 269, 273, 281, 282, 293, 313, 331, 357]
458: [60, 61, 95, 96, 142, 143, 145, 151, 152, 153, 154, 155, 156, 158, 160, 161, 163, 164, 173, 176, 185, 186, 187, 188, 189, 190, 191, 192, 199, 200, 207, 209, 210, 225, 226, 239, 240, 241, 242, 243, 244, 245, 246, 251, 252, 255, 256, 267, 269, 273, 281, 282, 293, 314, 331, 358]
459: [68, 69, 70, 71, 101, 102, 115, 116, 117, 118, 123, 124, 127, 128, 129, 130, 132, 133, 134, 135, 185, 186, 187, 188, 189, 190, 191, 192, 201, 202, 203, 204, 205, 206, 211, 212, 239, 240, 241, 242, 243, 244, 245, 246, 253, 254, 268, 272]
460: [16, 17, 97, 98, 142, 143, 145, 146, 147, 148, 149, 151, 152, 157, 163, 164, 165, 166, 171, 182, 185, 186, 187, 188, 189, 190, 191, 192, 199, 200, 207, 209, 210, 225, 226, 239, 240, 241, 242, 243, 244, 245, 246, 251, 252, 255, 256, 266, 269, 273, 277, 278, 297, 315, 318, 334]
461: [18, 19, 97, 98, 142, 143, 145, 146, 147, 148, 149, 151, 152, 157, 163, 164, 165, 166, 171, 182, 185, 186, 187, 188, 189, 190, 191, 192, 199, 200, 207, 209, 210, 225, 226, 239, 240, 241, 242, 243, 244, 245, 246, 251, 252, 255, 256, 266, 269, 273, 277, 278, 297, 315, 319, 335]
462: [20, 21, 97, 98, 142, 143, 145, 146, 147, 148, 149, 151, 152, 157, 163, 164, 165, 166, 171, 182, 185, 186, 187, 188, 189, 190, 191, 192, 199, 200, 207, 209, 210, 225, 226, 239, 240, 241, 242, 243, 244, 245, 246, 251, 252, 255, 256, 266, 269, 273, 277, 278, 297, 315, 320, 336]
463: [22, 23, 97, 98, 142, 143, 145, 146, 147, 148, 149, 151, 152, 157, 163, 164, 165, 166, 171, 182, 185, 186, 187, 188, 189, 190, 191, 192, 199, 200, 207, 209, 210, 225, 226, 239, 240, 241, 242, 243, 244, 245, 246, 251, 252, 255, 256, 266, 269, 273, 277, 278, 297, 315, 321, 337]
464: [24, 25, 97, 98, 142, 143, 145, 146, 147, 148, 149, 151, 152, 157, 163, 164, 165, 166, 171, 182, 185, 186, 187, 188, 189, 190, 191, 192, 199, 200, 207, 209, 210, 225, 226, 239, 240, 241, 242, 243, 244, 245, 246, 251, 252, 255, 256, 266, 269, 273, 277, 278, 297, 315, 322, 338]
465: [26, 27, 97, 98, 142, 143, 145, 146, 147, 148, 149, 151, 152, 157, 163, 164, 165, 166, 171, 182, 185, 186, 187, 188, 189, 190, 191, 192, 199, 200, 207, 209, 210, 225, 226, 239, 240, 241, 242, 243, 244, 245, 246, 251, 252, 255, 256, 266, 269, 273, 277, 278, 297, 315, 323, 339]
466: [28, 29, 97, 98, 142, 143, 145, 146, 147, 148, 149, 151, 152, 157, 163, 164, 165, 166, 171, 182, 185, 186, 187, 188, 189, 190, 191, 192, 199, 200, 207, 209, 210, 225, 226, 239, 240, 241, 242, 243, 244, 245, 246, 251, 252, 255, 256, 266, 269, 273, 277, 278, 297, 315, 324, 340]
467: [30, 31, 97, 98, 142, 143, 145, 146, 147, 148, 149, 151, 152, 157, 163, 164, 165, 166, 171, 182, 185, 186, 187, 188, 189, 190, 191, 192, 199, 200, 207, 209, 210, 225, 226, 239, 240, 241, 242, 243, 244, 245, 246, 251, 252, 255, 256, 266, 269, 273, 277, 278, 297, 315, 325, 341]
468: [32, 33, 97, 98, 142, 143, 145, 146, 147, 148, 149, 151, 152, 157, 163, 164, 165, 166, 171, 182, 185, 186, 187, 188, 189, 190, 191, 192, 199, 200, 207, 209, 210, 225, 226, 239, 240, 241, 242, 243, 244, 245, 246, 251, 252, 255, 256, 266, 269, 273, 277, 278, 297, 315, 326, 342]
469: [34, 35, 97, 98, 142, 143, 145, 146, 147, 148, 149, 151, 152, 157, 163, 164, 165, 166, 171, 182, 185, 186, 187, 188, 189, 190, 191, 192, 199, 200, 207, 209, 210, 225, 226, 239, 240, 241, 242, 243, 244, 245, 246, 251, 252, 255, 256, 266, 269, 273, 277, 278, 297, 315, 327, 343]
470: [36, 37, 72, 73, 74, 75, 97, 98, 131, 142, 143, 145, 150, 151, 152, 163, 164, 165, 166, 182, 185, 186, 187, 188, 189, 190, 191, 192, 199, 200, 207, 209, 210, 225, 226, 239, 240, 241, 242, 243, 244, 245, 246, 251, 252, 255, 256, 266, 269, 273, 279, 280, 298, 328, 330, 345]
471: [68, 69, 70, 71, 93, 101, 102, 115, 116, 117, 118, 123, 124, 127, 128, 129, 130, 132, 133, 134, 135, 185, 186, 187, 188, 189, 190, 191, 192, 201, 202, 203, 204, 205, 206, 211, 212, 239, 240, 241, 242, 243, 244, 245, 246, 253, 254, 268, 272, 459]
472: [85, 86, 87, 88, 89, 90, 101, 102, 115, 116, 117, 118, 125, 126, 127, 128, 129, 130, 132, 133, 134, 135, 213, 214, 215, 216, 217, 218, 219, 220, 221, 222, 223, 224, 227, 228, 229, 230, 231, 232, 233, 234, 235, 236, 237, 238, 239, 240, 241, 242, 247, 248, 249, 250, 257, 258, 261, 262, 284, 292, 359, 361]
473: [85, 86, 87, 88, 89, 90, 93, 101, 102, 115, 116, 117, 118, 125, 126, 127, 128, 129, 130, 132, 133, 134, 135, 213, 214, 215, 216, 217, 218, 219, 220, 221, 222, 223, 224, 227, 228, 229, 230, 231, 232, 233, 234, 235, 236, 237, 238, 239, 240, 241, 242, 247, 248, 249, 250, 257, 258, 261, 262, 284, 292, 359, 361, 472]
474: [76, 77, 78, 79, 82, 83, 91, 92, 99, 100, 103, 104, 110, 111, 112, 113, 119, 120, 177, 178, 180, 183, 184, 193, 194, 195, 209, 210, 213, 214, 215, 216, 217, 218, 219, 220, 221, 222, 223, 224, 225, 226, 239, 240, 241, 242, 247, 248, 249, 250, 257, 258, 259, 260, 263, 264, 283, 285, 288, 295, 360, 365, 367, 368, 376, 377, 383, 384]
475: [1, 76, 77, 78, 79, 82, 83, 91, 92, 99, 100, 103, 104, 110, 111, 112, 113, 119, 120, 177, 178, 180, 183, 184, 193, 194, 195, 209, 210, 213, 214, 215, 216, 217, 218, 219, 220, 221, 222, 223, 224, 225, 226, 239, 240, 241, 242, 247, 248, 249, 250, 257, 258, 259, 260, 263, 264, 283, 285, 288, 295, 360, 365, 367, 368, 376, 377, 383, 384, 474]
476: [11, 76, 77, 78, 79, 82, 83, 91, 92, 99, 100, 103, 104, 110, 111, 112, 113, 119, 120, 177, 178, 180, 183, 184, 193, 194, 195, 209, 210, 213, 214, 215, 216, 217, 218, 219, 220, 221, 222, 223, 224, 225, 226, 239, 240, 241, 242, 247, 248, 249, 250, 257, 258, 259, 260, 263, 264, 283, 285, 288, 295, 360, 365, 367, 368, 376, 377, 383, 384, 474]
477: [13, 76, 77, 78, 79, 82, 83, 91, 92, 99, 100, 103, 104, 110, 111, 112, 113, 119, 120, 177, 178, 180, 183, 184, 193, 194, 195, 209, 210, 213, 214, 215, 216, 217, 218, 219, 220, 221, 222, 223, 224, 225, 226, 239, 240, 241, 242, 247, 248, 249, 250, 257, 258, 259, 260, 263, 264, 283, 285, 288, 295, 360, 365, 367, 368, 376, 377, 383, 384, 474]
478: [15, 76, 77, 78, 79, 82, 83, 91, 92, 99, 100, 103, 104, 110, 111, 112, 113, 119, 120, 177, 178, 180, 183, 184, 193, 194, 195, 209, 210, 213, 214, 215, 216, 217, 218, 219, 220, 221, 222, 223, 224, 225, 226, 239, 240, 241, 242, 247, 248, 249, 250, 257, 258, 259, 260, 263, 264, 283, 285, 288, 295, 360, 365, 367, 368, 376, 377, 383, 384, 474]
479: [8, 9, 136, 137, 138, 153, 154, 155, 156, 159, 160, 161, 167, 168, 169, 177, 178, 180, 181, 183, 184, 193, 197, 199, 200, 208, 209, 210, 213, 214, 215, 216, 217, 218, 219, 220, 221, 222, 223, 224, 225, 226, 239, 240, 241, 242, 247, 248, 249, 250, 257, 258, 259, 260, 263, 264, 283, 285, 290, 294, 363, 364, 374, 375, 379, 387, 388, 429]
480: [38, 39, 136, 137, 138, 153, 154, 155, 156, 159, 160, 161, 167, 168, 169, 177, 178, 180, 181, 183, 184, 193, 197, 199, 200, 208, 209, 210, 213, 214, 215, 216, 217, 218, 219, 220, 221, 222, 223, 224, 225, 226, 239, 240, 241, 242, 247, 248, 249, 250, 257, 258, 259, 260, 263, 264, 283, 285, 290, 294, 363, 364, 374, 375, 379, 388, 389, 430]
481: [40, 41, 136, 137, 138, 153, 154, 155, 156, 159, 160, 161, 167, 168, 169, 177, 178, 180, 181, 183, 184, 193, 197, 199, 200, 208, 209, 210, 213, 214, 215, 216, 217, 218, 219, 220, 221, 222, 223, 224, 225, 226, 239, 240, 241, 242, 247, 248, 249, 250, 257, 258, 259, 260, 263, 264, 283, 285, 290, 294, 363, 364, 374, 375, 379, 388, 390, 431]
482: [42, 43, 136, 137, 138, 153, 154, 155, 156, 159, 160, 161, 167, 168, 169, 177, 178, 180, 181, 183, 184, 193, 197, 199, 200, 208, 209, 210, 213, 214, 215, 216, 217, 218, 219, 220, 221, 222, 223, 224, 225, 226, 239, 240, 241, 242, 247, 248, 249, 250, 257, 258, 259, 260, 263, 264, 283, 285, 290, 294, 363, 364, 374, 375, 379, 388, 391, 432]
483: [44, 45, 136, 137, 138, 153, 154, 155, 156, 159, 160, 161, 167, 168, 169, 177, 178, 180, 181, 183, 184, 193, 197, 199, 200, 208, 209, 210, 213, 214, 215, 216, 217, 218, 219, 220, 221, 222, 223, 224, 225, 226, 239, 240, 241, 242, 247, 248, 249, 250, 257, 258, 259, 260, 263, 264, 283, 285, 290, 294, 363, 364, 374, 375, 379, 388, 392, 433]
484: [46, 47, 136, 137, 138, 153, 154, 155, 156, 159, 160, 161, 167, 168, 169, 177, 178, 180, 181, 183, 184, 193, 197, 199, 200, 208, 209, 210, 213, 214, 215, 216, 217, 218, 219, 220, 221, 222, 223, 224, 225, 226, 239, 240, 241, 242, 247, 248, 249, 250, 257, 258, 259, 260, 263, 264, 283, 285, 290, 294, 363, 364, 374, 375, 379, 388, 393, 434]
485: [48, 49, 136, 137, 138, 153, 154, 155, 156, 159, 160, 161, 167, 168, 169, 177, 178, 180, 181, 183, 184, 193, 197, 199, 200, 208, 209, 210, 213, 214, 215, 216, 217, 218, 219, 220, 221, 222, 223, 224, 225, 226, 239, 240, 241, 242, 247, 248, 249, 250, 257, 258, 259, 260, 263, 264, 283, 285, 290, 294, 363, 364, 374, 375, 379, 388, 394, 435]
486: [50, 51, 136, 137, 138, 153, 154, 155, 156, 159, 160, 161, 167, 168, 169, 177, 178, 180, 181, 183, 184, 193, 197, 199, 200, 208, 209, 210, 213, 214, 215, 216, 217, 218, 219, 220, 221, 222, 223, 224, 225, 226, 239, 240, 241, 242, 247, 248, 249, 250, 257, 258, 259, 260, 263, 264, 283, 285, 290, 294, 363, 364, 374, 375, 379, 388, 395, 436]
487: [52, 53, 136, 137, 138, 153, 154, 155, 156, 159, 160, 161, 167, 168, 169, 177, 178, 180, 181, 183, 184, 193, 197, 199, 200, 208, 209, 210, 213, 214, 215, 216, 217, 218, 219, 220, 221, 222, 223, 224, 225, 226, 239, 240, 241, 242, 247, 248, 249, 250, 257, 258, 259, 260, 263, 264, 283, 285, 290, 294, 363, 364, 374, 375, 379, 388, 396, 437]
488: [54, 55, 136, 137, 138, 153, 154, 155, 156, 159, 160, 161, 167, 168, 169, 177, 178, 180, 181, 183, 184, 193, 197, 199, 200, 208, 209, 210, 213, 214, 215, 216, 217, 218, 219, 220, 221, 222, 223, 224, 225, 226, 239, 240, 241, 242, 247, 248, 249, 250, 257, 258, 259, 260, 263, 264, 283, 285, 290, 294, 363, 364, 374, 375, 379, 388, 397, 438]
489: [56, 57, 136, 137, 138, 153, 154, 155, 156, 159, 160, 161, 167, 168, 169, 177, 178, 180, 181, 183, 184, 193, 197, 199, 200, 208, 209, 210, 213, 214, 215, 216, 217, 218, 219, 220, 221, 222, 223, 224, 225, 226, 239, 240, 241, 242, 247, 248, 249, 250, 257, 258, 259, 260, 263, 264, 283, 285, 290, 294, 363, 364, 374, 375, 379, 388, 398, 439]
490: [58, 59, 136, 137, 138, 153, 154, 155, 156, 159, 160, 161, 167, 168, 169, 177, 178, 180, 181, 183, 184, 193, 197, 199, 200, 208, 209, 210, 213, 214, 215, 216, 217, 218, 219, 220, 221, 222, 223, 224, 225, 226, 239, 240, 241, 242, 247, 248, 249, 250, 257, 258, 259, 260, 263, 264, 283, 285, 290, 294, 363, 364, 374, 375, 379, 388, 399, 440]
491: [60, 61, 136, 137, 138, 153, 154, 155, 156, 159, 160, 161, 167, 168, 169, 177, 178, 180, 181, 183, 184, 193, 197, 199, 200, 208, 209, 210, 213, 214, 215, 216, 217, 218, 219, 220, 221, 222, 223, 224, 225, 226, 239, 240, 241, 242, 247, 248, 249, 250, 257, 258, 259, 260, 263, 264, 283, 285, 290, 294, 363, 364, 374, 375, 379, 388, 400, 441]
492: [2, 3, 139, 140, 141, 146, 147, 148, 149, 162, 165, 166, 167, 168, 169, 177, 178, 179, 180, 183, 184, 193, 198, 199, 200, 208, 209, 210, 213, 214, 215, 216, 217, 218, 219, 220, 221, 222, 223, 224, 225, 226, 239, 240, 241, 242, 247, 248, 249, 250, 257, 258, 259, 260, 263, 264, 283, 285, 289, 294, 362, 364, 370, 371, 380, 385, 401, 415]
493: [4, 5, 139, 140, 141, 146, 147, 148, 149, 162, 165, 166, 167, 168, 169, 177, 178, 179, 180, 183, 184, 193, 198, 199, 200, 208, 209, 210, 213, 214, 215, 216, 217, 218, 219, 220, 221, 222, 223, 224, 225, 226, 239, 240, 241, 242, 247, 248, 249, 250, 257, 258, 259, 260, 263, 264, 283, 285, 289, 294, 362, 364, 370, 371, 380, 385, 402, 416]
494: [16, 17, 139, 140, 141, 146, 147, 148, 149, 162, 165, 166, 167, 168, 169, 177, 178, 179, 180, 183, 184, 193, 198, 199, 200, 208, 209, 210, 213, 214, 215, 216, 217, 218, 219, 220, 221, 222, 223, 224, 225, 226, 239, 240, 241, 242, 247, 248, 249, 250, 257, 258, 259, 260, 263, 264, 283, 285, 289, 294, 362, 364, 370, 371, 380, 385, 403, 417]
495: [18, 19, 139, 140, 141, 146, 147, 148, 149, 162, 165, 166, 167, 168, 169, 177, 178, 179, 180, 183, 184, 193, 198, 199, 200, 208, 209, 210, 213, 214, 215, 216, 217, 218, 219, 220, 221, 222, 223, 224, 225, 226, 239, 240, 241, 242, 247, 248, 249, 250, 257, 258, 259, 260, 263, 264, 283, 285, 289, 294, 362, 364, 370, 371, 380, 385, 404, 418]
496: [20, 21, 139, 140, 141, 146, 147, 148, 149, 162, 165, 166, 167, 168, 169, 177, 178, 179, 180, 183, 184, 193, 198, 199, 200, 208, 209, 210, 213, 214, 215, 216, 217, 218, 219, 220, 221, 222, 223, 224, 225, 226, 239, 240, 241, 242, 247, 248, 249, 250, 257, 258, 259, 260, 263, 264, 283, 285, 289, 294, 362, 364, 370, 371, 380, 385, 405, 419]
497: [22, 23, 139, 140, 141, 146, 147, 148, 149, 162, 165, 166, 167, 168, 169, 177, 178, 179, 180, 183, 184, 193, 198, 199, 200, 208, 209, 210, 213, 214, 215, 216, 217, 218, 219, 220, 221, 222, 223, 224, 225, 226, 239, 240, 241, 242, 247, 248, 249, 250, 257, 258, 259, 260, 263, 264, 283, 285, 289, 294, 362, 364, 370, 371, 380, 385, 406, 420]
498: [24, 25, 139, 140, 141, 146, 147, 148, 149, 162, 165, 166, 167, 168, 169, 177, 178, 179, 180, 183, 184, 193, 198, 199, 200, 208, 209, 210, 213, 214, 215, 216, 217, 218, 219, 220, 221, 222, 223, 224, 225, 226, 239, 240, 241, 242, 247, 248, 249, 250, 257, 258, 259, 260, 263, 264, 283, 285, 289, 294, 362, 364, 370, 371, 380, 385, 407, 421]
499: [26, 27, 139, 140, 141, 146, 147, 148, 149, 162, 165, 166, 167, 168, 169, 177, 178, 179, 180, 183, 184, 193, 198, 199, 200, 208, 209, 210, 213, 214, 215, 216, 217, 218, 219, 220, 221, 222, 223, 224, 225, 226, 239, 240, 241, 242, 247, 248, 249, 250, 257, 258, 259, 260, 263, 264, 283, 285, 289, 294, 362, 364, 370, 371, 380, 385, 408, 422]
500: [28, 29, 139, 140, 141, 146, 147, 148, 149, 162, 165, 166, 167, 168, 169, 177, 178, 179, 180, 183, 184, 193, 198, 199, 200, 208, 209, 210, 213, 214, 215, 216, 217, 218, 219, 220, 221, 222, 223, 224, 225, 226, 239, 240, 241, 242, 247, 248, 249, 250, 257, 258, 259, 260, 263, 264, 283, 285, 289, 294, 362, 364, 370, 371, 380, 385, 409, 423]
501: [30, 31, 139, 140, 141, 146, 147, 148, 149, 162, 165, 166, 167, 168, 169, 177, 178, 179, 180, 183, 184, 193, 198, 199, 200, 208, 209, 210, 213, 214, 215, 216, 217, 218, 219, 220, 221, 222, 223, 224, 225, 226, 239, 240, 241, 242, 247, 248, 249, 250, 257, 258, 259, 260, 263, 264, 283, 285, 289, 294, 362, 364, 370, 371, 380, 385, 410, 424]
502: [32, 33, 139, 140, 141, 146, 147, 148, 149, 162, 165, 166, 167, 168, 169, 177, 178, 179, 180, 183, 184, 193, 198, 199, 200, 208, 209, 210, 213, 214, 215, 216, 217, 218, 219, 220, 221, 222, 223, 224, 225, 226, 239, 240, 241, 242, 247, 248, 249, 250, 257, 258, 259, 260, 263, 264, 283, 285, 289, 294, 362, 364, 370, 371, 380, 385, 411, 425]
503: [34, 35, 139, 140, 141, 146, 147, 148, 149, 162, 165, 166, 167, 168, 169, 177, 178, 179, 180, 183, 184, 193, 198, 199, 200, 208, 209, 210, 213, 214, 215, 216, 217, 218, 219, 220, 221, 222, 223, 224, 225, 226, 239, 240, 241, 242, 247, 248, 249, 250, 257, 258, 259, 260, 263, 264, 283, 285, 289, 294, 362, 364, 370, 371, 380, 385, 412, 426]
504: [6, 7, 72, 73, 74, 75, 139, 140, 141, 144, 165, 166, 167, 168, 169, 172, 177, 178, 180, 183, 184, 193, 198, 199, 200, 208, 209, 210, 213, 214, 215, 216, 217, 218, 219, 220, 221, 222, 223, 224, 225, 226, 239, 240, 241, 242, 247, 248, 249, 250, 257, 258, 259, 260, 263, 264, 283, 285, 289, 294, 362, 364, 372, 373, 381, 386, 413, 427]
505: [36, 37, 72, 73, 74, 75, 139, 140, 141, 144, 165, 166, 167, 168, 169, 172, 177, 178, 180, 183, 184, 193, 198, 199, 200, 208, 209, 210, 213, 214, 215, 216, 217, 218, 219, 220, 221, 222, 223, 224, 225, 226, 239, 240, 241, 242, 247, 248, 249, 250, 257, 258, 259, 260, 263, 264, 283, 285, 289, 294, 362, 364, 372, 373, 381, 386, 414, 428]
506: [66, 67, 68, 69, 70, 71, 93, 94, 101, 102, 105, 106, 109, 115, 116, 117, 118, 121, 122, 123, 124, 127, 128, 129, 130, 132, 133, 134, 135, 163, 164, 175, 185, 186, 187, 188, 189, 190, 191, 192, 201, 202, 203, 204, 205, 206, 211, 212, 225, 226, 239, 240, 241, 242, 243, 244, 245, 246, 253, 254, 255, 256, 268, 271, 272, 276, 291, 299, 459, 471]
507: [0, 66, 67, 68, 69, 70, 71, 93, 94, 101, 102, 105, 106, 109, 115, 116, 117, 118, 121, 122, 123, 124, 127, 128, 129, 130, 132, 133, 134, 135, 163, 164, 175, 185, 186, 187, 188, 189, 190, 191, 192, 201, 202, 203, 204, 205, 206, 211, 212, 225, 226, 239, 240, 241, 242, 243, 244, 245, 246, 253, 254, 255, 256, 268, 271, 272, 276, 291, 299, 459, 471, 506]
508: [10, 66, 67, 68, 69, 70, 71, 93, 94, 101, 102, 105, 106, 109, 115, 116, 117, 118, 121, 122, 123, 124, 127, 128, 129, 130, 132, 133, 134, 135, 163, 164, 175, 185, 186, 187, 188, 189, 190, 191, 192, 201, 202, 203, 204, 205, 206, 211, 212, 225, 226, 239, 240, 241, 242, 243, 244, 245, 246, 253, 254, 255, 256, 268, 271, 272, 276, 291, 299, 459, 471, 506]
509: [12, 66, 67, 68, 69, 70, 71, 93, 94, 101, 102, 105, 106, 109, 115, 116, 117, 118, 121, 122, 123, 124, 127, 128, 129, 130, 132, 133, 134, 135, 163, 164, 175, 185, 186, 187, 188, 189, 190, 191, 192, 201, 202, 203, 204, 205, 206, 211, 212, 225, 226, 239, 240, 241, 242, 243, 244, 245, 246, 253, 254, 255, 256, 268, 271, 272, 276, 291, 299, 459, 471, 506]
510: [14, 66, 67, 68, 69, 70, 71, 93, 94, 101, 102, 105, 106, 109, 115, 116, 117, 118, 121, 122, 123, 124, 127, 128, 129, 130, 132, 133, 134, 135, 163, 164, 175, 185, 186, 187, 188, 189, 190, 191, 192, 201, 202, 203, 204, 205, 206, 211, 212, 225, 226, 239, 240, 241, 242, 243, 244, 245, 246, 253, 254, 255, 256, 268, 271, 272, 276, 291, 299, 459, 471, 506]
511: [80, 81, 84, 85, 86, 87, 88, 89, 90, 93, 94, 101, 102, 105, 106, 114, 115, 116, 117, 118, 121, 122, 125, 126, 127, 128, 129, 130, 132, 133, 134, 135, 183, 184, 193, 196, 213, 214, 215, 216, 217, 218, 219, 220, 221, 222, 223, 224, 225, 226, 227, 228, 229, 230, 231, 232, 233, 234, 235, 236, 237, 238, 239, 240, 241, 242, 247, 248, 249, 250, 257, 258, 261, 262, 263, 264, 284, 285, 292, 296, 359, 361, 366, 369, 378, 382, 472, 473]
512: [0, 80, 81, 84, 85, 86, 87, 88, 89, 90, 93, 94, 101, 102, 105, 106, 114, 115, 116, 117, 118, 121, 122, 125, 126, 127, 128, 129, 130, 132, 133, 134, 135, 183, 184, 193, 196, 213, 214, 215, 216, 217, 218, 219, 220, 221, 222, 223, 224, 225, 226, 227, 228, 229, 230, 231, 232, 233, 234, 235, 236, 237, 238, 239, 240, 241, 242, 247, 248, 249, 250, 257, 258, 261, 262, 263, 264, 284, 285, 292, 296, 359, 361, 366, 369, 378, 382, 472, 473, 511]
513: [10, 80, 81, 84, 85, 86, 87, 88, 89, 90, 93, 94, 101, 102, 105, 106, 114, 115, 116, 117, 118, 121, 122, 125, 126, 127, 128, 129, 130, 132, 133, 134, 135, 183, 184, 193, 196, 213, 214, 215, 216, 217, 218, 219, 220, 221, 222, 223, 224, 225, 226, 227, 228, 229, 230, 231, 232, 233, 234, 235, 236, 237, 238, 239, 240, 241, 242, 247, 248, 249, 250, 257, 258, 261, 262, 263, 264, 284, 285, 292, 296, 359, 361, 366, 369, 378, 382, 472, 473, 511]
514: [12, 80, 81, 84, 85, 86, 87, 88, 89, 90, 93, 94, 101, 102, 105, 106, 114, 115, 116, 117, 118, 121, 122, 125, 126, 127, 128, 129, 130, 132, 133, 134, 135, 183, 184, 193, 196, 213, 214, 215, 216, 217, 218, 219, 220, 221, 222, 223, 224, 225, 226, 227, 228, 229, 230, 231, 232, 233, 234, 235, 236, 237, 238, 239, 240, 241, 242, 247, 248, 249, 250, 257, 258, 261, 262, 263, 264, 284, 285, 292, 296, 359, 361, 366, 369, 378, 382, 472, 473, 511]
515: [14, 80, 81, 84, 85, 86, 87, 88, 89, 90, 93, 94, 101, 102, 105, 106, 114, 115, 116, 117, 118, 121, 122, 125, 126, 127, 128, 129, 130, 132, 133, 134, 135, 183, 184, 193, 196, 213, 214, 215, 216, 217, 218, 219, 220, 221, 222, 223, 224, 225, 226, 227, 228, 229, 230, 231, 232, 233, 234, 235, 236, 237, 238, 239, 240, 241, 242, 247, 248, 249, 250, 257, 258, 261, 262, 263, 264, 284, 285, 292, 296, 359, 361, 366, 369, 378, 382, 472, 473, 511]
516: [10, 11, 62, 63, 64, 65, 66, 67, 68, 69, 70, 71, 91, 92, 93, 94, 99, 100, 101, 102, 103, 104, 105, 106, 107, 108, 109, 112, 113, 115, 116, 117, 118, 119, 120, 121, 122, 123, 124, 127, 128, 129, 130, 132, 133, 134, 135, 151, 152, 163, 164, 170, 174, 175, 185, 186, 187, 188, 189, 190, 191, 192, 201, 202, 203, 204, 205, 206, 209, 210, 211, 212, 225, 226, 239, 240, 241, 242, 243, 244, 245, 246, 251, 252, 253, 254, 255, 256, 265, 268, 270, 271, 272, 274, 275, 276, 286, 287, 291, 299, 300, 301, 442, 444, 459, 471, 506, 508]
517: [12, 13, 62, 63, 64, 65, 66, 67, 68, 69, 70, 71, 91, 92, 93, 94, 99, 100, 101, 102, 103, 104, 105, 106, 107, 108, 109, 112, 113, 115, 116, 117, 118, 119, 120, 121, 122, 123, 124, 127, 128, 129, 130, 132, 133, 134, 135, 151, 152, 163, 164, 170, 174, 175, 185, 186, 187, 188, 189, 190, 191, 192, 201, 202, 203, 204, 205, 206, 209, 210, 211, 212, 225, 226, 239, 240, 241, 242, 243, 244, 245, 246, 251, 252, 253, 254, 255, 256, 265, 268, 270, 271, 272, 274, 275, 276, 286, 287, 291, 299, 300, 301, 442, 445, 459, 471, 506, 509]
518: [14, 15, 62, 63, 64, 65, 66, 67, 68, 69, 70, 71, 91, 92, 93, 94, 99, 100, 101, 102, 103, 104, 105, 106, 107, 108, 109, 112, 113, 115, 116, 117, 118, 119, 120, 121, 122, 123, 124, 127, 128, 129, 130, 132, 133, 134, 135, 151, 152, 163, 164, 170, 174, 175, 185, 186, 187, 188, 189, 190, 191, 192, 201, 202, 203, 204, 205, 206, 209, 210, 211, 212, 225, 226, 239, 240, 241, 242, 243, 244, 245, 246, 251, 252, 253, 254, 255, 256, 265, 268, 270, 271, 272, 274, 275, 276, 286, 287, 291, 299, 300, 301, 442, 446, 459, 471, 506, 510]
519: [0, 1, 76, 77, 78, 79, 80, 81, 82, 83, 84, 85, 86, 87, 88, 89, 90, 91, 92, 93, 94, 99, 100, 101, 102, 103, 104, 105, 106, 110, 111, 112, 113, 114, 115, 116, 117, 118, 119, 120, 121, 122, 125, 126, 127, 128, 129, 130, 132, 133, 134, 135, 177, 178, 180, 183, 184, 193, 194, 195, 196, 209, 210, 213, 214, 215, 216, 217, 218, 219, 220, 221, 222, 223, 224, 225, 226, 227, 228, 229, 230, 231, 232, 233, 234, 235, 236, 237, 238, 239, 240, 241, 242, 247, 248, 249, 250, 257, 258, 259, 260, 261, 262, 263, 264, 283, 284, 285, 288, 292, 295, 296, 359, 360, 361, 365, 366, 367, 368, 369, 376, 377, 378, 382, 383, 384, 472, 473, 474, 475, 511, 512]
520: [10, 11, 76, 77, 78, 79, 80, 81, 82, 83, 84, 85, 86, 87, 88, 89, 90, 91, 92, 93, 94, 99, 100, 101, 102, 103, 104, 105, 106, 110, 111, 112, 113, 114, 115, 116, 117, 118, 119, 120, 121, 122, 125, 126, 127, 128, 129, 130, 132, 133, 134, 135, 177, 178, 180, 183, 184, 193, 194, 195, 196, 209, 210, 213, 214, 215, 216, 217, 218, 219, 220, 221, 222, 223, 224, 225, 226, 227, 228, 229, 230, 231, 232, 233, 234, 235, 236, 237, 238, 239, 240, 241, 242, 247, 248, 249, 250, 257, 258, 259, 260, 261, 262, 263, 264, 283, 284, 285, 288, 292, 295, 296, 359, 360, 361, 365, 366, 367, 368, 369, 376, 377, 378, 382, 383, 384, 472, 473, 474, 476, 511, 513]
521: [12, 13, 76, 77, 78, 79, 80, 81, 82, 83, 84, 85, 86, 87, 88, 89, 90, 91, 92, 93, 94, 99, 100, 101, 102, 103, 104, 105, 106, 110, 111, 112, 113, 114, 115, 116, 117, 118, 119, 120, 121, 122, 125, 126, 127, 128, 129, 130, 132, 133, 134, 135, 177, 178, 180, 183, 184, 193, 194, 195, 196, 209, 210, 213, 214, 215, 216, 217, 218, 219, 220, 221, 222, 223, 224, 225, 226, 227, 228, 229, 230, 231, 232, 233, 234, 235, 236, 237, 238, 239, 240, 241, 242, 247, 248, 249, 250, 257, 258, 259, 260, 261, 262, 263, 264, 283, 284, 285, 288, 292, 295, 296, 359, 360, 361, 365, 366, 367, 368, 369, 376, 377, 378, 382, 383, 384, 472, 473, 474, 477, 511, 514]
522: [14, 15, 76, 77, 78, 79, 80, 81, 82, 83, 84, 85, 86, 87, 88, 89, 90, 91, 92, 93, 94, 99, 100, 101, 102, 103, 104, 105, 106, 110, 111, 112, 113, 114, 115, 116, 117, 118, 119, 120, 121, 122, 125, 126, 127, 128, 129, 130, 132, 133, 134, 135, 177, 178, 180, 183, 184, 193, 194, 195, 196, 209, 210, 213, 214, 215, 216, 217, 218, 219, 220, 221, 222, 223, 224, 225, 226, 227, 228, 229, 230, 231, 232, 233, 234, 235, 236, 237, 238, 239, 240, 241, 242, 247, 248, 249, 250, 257, 258, 259, 260, 261, 262, 263, 264, 283, 284, 285, 288, 292, 295, 296, 359, 360, 361, 365, 366, 367, 368, 369, 376, 377, 378, 382, 383, 384, 472, 473, 474, 478, 511, 515]
