[76, 82]
[77, 82]
[78, 83]
[79, 83]
[80, 84]
[81, 84]
[85, 89]
[86, 89]
[87, 90]
[88, 90]
[64, 107]
[65, 107]
[103, 107]
[62, 108]
[63, 108]
[99, 108]
[66, 109]
[67, 109]
[105, 109]
[78, 110]
[79, 110]
[103, 110]
[76, 111]
[77, 111]
[99, 111]
[80, 114]
[81, 114]
[105, 114]
[68, 123]
[69, 123]
[116, 123]
[70, 124]
[71, 124]
[117, 124]
[85, 125]
[86, 125]
[116, 125]
[87, 126]
[88, 126]
[117, 126]
[73, 131]
[97, 131]
[98, 131]
[136, 138]
[137, 138]
[139, 141]
[140, 141]
[73, 144]
[139, 144]
[140, 144]
[142, 145]
[143, 145]
[74, 150]
[142, 150]
[143, 150]
[97, 157]
[98, 157]
[147, 157]
[95, 158]
[96, 158]
[154, 158]
[136, 159]
[137, 159]
[154, 159]
[139, 162]
[140, 162]
[147, 162]
[167, 169]
[168, 169]
[113, 170]
[151, 170]
[152, 170]
[142, 171]
[143, 171]
[148, 171]
[74, 172]
[167, 172]
[168, 172]
[142, 173]
[143, 173]
[155, 173]
[119, 174]
[163, 174]
[164, 174]
[121, 175]
[163, 175]
[164, 175]
[151, 176]
[152, 176]
[161, 176]
[148, 179]
[167, 179]
[168, 179]
[177, 180]
[178, 180]
[155, 181]
[167, 181]
[168, 181]
[151, 182]
[152, 182]
[166, 182]
[183, 193]
[184, 193]
[113, 194]
[177, 194]
[178, 194]
[119, 195]
[183, 195]
[184, 195]
[121, 196]
[183, 196]
[184, 196]
[161, 197]
[177, 197]
[178, 197]
[166, 198]
[177, 198]
[178, 198]
[132, 201]
[185, 201]
[186, 201]
[133, 202]
[187, 202]
[188, 202]
[134, 203]
[189, 203]
[190, 203]
[135, 204]
[191, 204]
[192, 204]
[129, 205]
[201, 205]
[202, 205]
[130, 206]
[203, 206]
[204, 206]
[163, 207]
[164, 207]
[199, 207]
[183, 208]
[184, 208]
[199, 208]
[115, 211]
[205, 211]
[206, 211]
[101, 212]
[123, 212]
[211, 212]
[213, 221]
[214, 221]
[215, 222]
[216, 222]
[217, 223]
[218, 223]
[219, 224]
[220, 224]
[132, 227]
[213, 227]
[214, 227]
[133, 228]
[215, 228]
[216, 228]
[134, 229]
[217, 229]
[218, 229]
[135, 230]
[219, 230]
[220, 230]
[227, 231]
[228, 231]
[229, 232]
[230, 232]
[129, 233]
[227, 233]
[228, 233]
[130, 234]
[229, 234]
[230, 234]
[233, 235]
[234, 235]
[115, 236]
[233, 236]
[234, 236]
[125, 237]
[236, 237]
[101, 238]
[125, 238]
[236, 238]
[185, 243]
[186, 243]
[239, 243]
[187, 244]
[188, 244]
[240, 244]
[189, 245]
[190, 245]
[241, 245]
[191, 246]
[192, 246]
[242, 246]
[213, 247]
[214, 247]
[239, 247]
[215, 248]
[216, 248]
[240, 248]
[217, 249]
[218, 249]
[241, 249]
[219, 250]
[220, 250]
[242, 250]
[209, 251]
[243, 251]
[244, 251]
[210, 252]
[245, 252]
[246, 252]
[127, 253]
[243, 253]
[244, 253]
[128, 254]
[245, 254]
[246, 254]
[225, 255]
[243, 255]
[244, 255]
[226, 256]
[245, 256]
[246, 256]
[247, 257]
[248, 257]
[249, 258]
[250, 258]
[209, 259]
[247, 259]
[248, 259]
[210, 260]
[249, 260]
[250, 260]
[127, 261]
[247, 261]
[248, 261]
[128, 262]
[249, 262]
[250, 262]
[225, 263]
[247, 263]
[248, 263]
[226, 264]
[249, 264]
[250, 264]
[112, 265]
[251, 265]
[252, 265]
[165, 266]
[251, 266]
[252, 266]
[160, 267]
[251, 267]
[252, 267]
[118, 268]
[253, 268]
[254, 268]
[200, 269]
[255, 269]
[256, 269]
[120, 270]
[255, 270]
[256, 270]
[122, 271]
[255, 271]
[256, 271]
[102, 272]
[124, 272]
[268, 272]
[207, 273]
[269, 273]
[104, 274]
[174, 274]
[270, 274]
[100, 275]
[170, 275]
[265, 275]
[106, 276]
[175, 276]
[271, 276]
[149, 277]
[207, 277]
[269, 277]
[146, 278]
[182, 278]
[266, 278]
[72, 279]
[182, 279]
[266, 279]
[75, 280]
[207, 280]
[269, 280]
[156, 281]
[207, 281]
[269, 281]
[153, 282]
[176, 282]
[267, 282]
[259, 283]
[260, 283]
[261, 284]
[262, 284]
[263, 285]
[264, 285]
[107, 286]
[274, 286]
[108, 287]
[275, 287]
[112, 288]
[259, 288]
[260, 288]
[165, 289]
[259, 289]
[260, 289]
[160, 290]
[259, 290]
[260, 290]
[109, 291]
[276, 291]
[118, 292]
[261, 292]
[262, 292]
[158, 293]
[282, 293]
[200, 294]
[263, 294]
[264, 294]
[120, 295]
[263, 295]
[264, 295]
[122, 296]
[263, 296]
[264, 296]
[157, 297]
[278, 297]
[131, 298]
[279, 298]
[94, 299]
[109, 299]
[276, 299]
[91, 300]
[107, 300]
[274, 300]
[92, 301]
[108, 301]
[275, 301]
[9, 302]
[158, 302]
[282, 302]
[39, 303]
[158, 303]
[282, 303]
[41, 304]
[158, 304]
[282, 304]
[43, 305]
[158, 305]
[282, 305]
[45, 306]
[158, 306]
[282, 306]
[47, 307]
[158, 307]
[282, 307]
[49, 308]
[158, 308]
[282, 308]
[51, 309]
[158, 309]
[282, 309]
[53, 310]
[158, 310]
[282, 310]
[55, 311]
[158, 311]
[282, 311]
[57, 312]
[158, 312]
[282, 312]
[59, 313]
[158, 313]
[282, 313]
[61, 314]
[158, 314]
[282, 314]
[171, 315]
[277, 315]
[3, 316]
[157, 316]
[278, 316]
[5, 317]
[157, 317]
[278, 317]
[17, 318]
[157, 318]
[278, 318]
[19, 319]
[157, 319]
[278, 319]
[21, 320]
[157, 320]
[278, 320]
[23, 321]
[157, 321]
[278, 321]
[25, 322]
[157, 322]
[278, 322]
[27, 323]
[157, 323]
[278, 323]
[29, 324]
[157, 324]
[278, 324]
[31, 325]
[157, 325]
[278, 325]
[33, 326]
[157, 326]
[278, 326]
[35, 327]
[157, 327]
[278, 327]
[150, 328]
[280, 328]
[7, 329]
[131, 329]
[279, 329]
[37, 330]
[131, 330]
[279, 330]
[173, 331]
[281, 331]
[2, 332]
[171, 332]
[277, 332]
[4, 333]
[171, 333]
[277, 333]
[16, 334]
[171, 334]
[277, 334]
[18, 335]
[171, 335]
[277, 335]
[20, 336]
[171, 336]
[277, 336]
[22, 337]
[171, 337]
[277, 337]
[24, 338]
[171, 338]
[277, 338]
[26, 339]
[171, 339]
[277, 339]
[28, 340]
[171, 340]
[277, 340]
[30, 341]
[171, 341]
[277, 341]
[32, 342]
[171, 342]
[277, 342]
[34, 343]
[171, 343]
[277, 343]
[6, 344]
[150, 344]
[280, 344]
[36, 345]
[150, 345]
[280, 345]
[8, 346]
[173, 346]
[281, 346]
[38, 347]
[173, 347]
[281, 347]
[40, 348]
[173, 348]
[281, 348]
[42, 349]
[173, 349]
[281, 349]
[44, 350]
[173, 350]
[281, 350]
[46, 351]
[173, 351]
[281, 351]
[48, 352]
[173, 352]
[281, 352]
[50, 353]
[173, 353]
[281, 353]
[52, 354]
[173, 354]
[281, 354]
[54, 355]
[173, 355]
[281, 355]
[56, 356]
[173, 356]
[281, 356]
[58, 357]
[173, 357]
[281, 357]
[60, 358]
[173, 358]
[281, 358]
[126, 359]
[292, 359]
[194, 360]
[288, 360]
[102, 361]
[126, 361]
[292, 361]
[198, 362]
[289, 362]
[197, 363]
[290, 363]
[208, 364]
[294, 364]
[195, 365]
[295, 365]
[196, 366]
[296, 366]
[104, 367]
[195, 367]
[295, 367]
[100, 368]
[194, 368]
[288, 368]
[106, 369]
[196, 369]
[296, 369]
[149, 370]
[208, 370]
[294, 370]
[146, 371]
[198, 371]
[289, 371]
[72, 372]
[198, 372]
[289, 372]
[75, 373]
[208, 373]
[294, 373]
[156, 374]
[208, 374]
[294, 374]
[153, 375]
[197, 375]
[290, 375]
[110, 376]
[367, 376]
[111, 377]
[368, 377]
[114, 378]
[369, 378]
[159, 379]
[375, 379]
[162, 380]
[371, 380]
[144, 381]
[372, 381]
[94, 382]
[114, 382]
[369, 382]
[91, 383]
[110, 383]
[367, 383]
[92, 384]
[111, 384]
[368, 384]
[179, 385]
[370, 385]
[172, 386]
[373, 386]
[9, 387]
[159, 387]
[375, 387]
[181, 388]
[374, 388]
[39, 389]
[159, 389]
[375, 389]
[41, 390]
[159, 390]
[375, 390]
[43, 391]
[159, 391]
[375, 391]
[45, 392]
[159, 392]
[375, 392]
[47, 393]
[159, 393]
[375, 393]
[49, 394]
[159, 394]
[375, 394]
[51, 395]
[159, 395]
[375, 395]
[53, 396]
[159, 396]
[375, 396]
[55, 397]
[159, 397]
[375, 397]
[57, 398]
[159, 398]
[375, 398]
[59, 399]
[159, 399]
[375, 399]
[61, 400]
[159, 400]
[375, 400]
[3, 401]
[162, 401]
[371, 401]
[5, 402]
[162, 402]
[371, 402]
[17, 403]
[162, 403]
[371, 403]
[19, 404]
[162, 404]
[371, 404]
[21, 405]
[162, 405]
[371, 405]
[23, 406]
[162, 406]
[371, 406]
[25, 407]
[162, 407]
[371, 407]
[27, 408]
[162, 408]
[371, 408]
[29, 409]
[162, 409]
[371, 409]
[31, 410]
[162, 410]
[371, 410]
[33, 411]
[162, 411]
[371, 411]
[35, 412]
[162, 412]
[371, 412]
[7, 413]
[144, 413]
[372, 413]
[37, 414]
[144, 414]
[372, 414]
[2, 415]
[179, 415]
[370, 415]
[4, 416]
[179, 416]
[370, 416]
[16, 417]
[179, 417]
[370, 417]
[18, 418]
[179, 418]
[370, 418]
[20, 419]
[179, 419]
[370, 419]
[22, 420]
[179, 420]
[370, 420]
[24, 421]
[179, 421]
[370, 421]
[26, 422]
[179, 422]
[370, 422]
[28, 423]
[179, 423]
[370, 423]
[30, 424]
[179, 424]
[370, 424]
[32, 425]
[179, 425]
[370, 425]
[34, 426]
[179, 426]
[370, 426]
[6, 427]
[172, 427]
[373, 427]
[36, 428]
[172, 428]
[373, 428]
[8, 429]
[181, 429]
[374, 429]
[38, 430]
[181, 430]
[374, 430]
[40, 431]
[181, 431]
[374, 431]
[42, 432]
[181, 432]
[374, 432]
[44, 433]
[181, 433]
[374, 433]
[46, 434]
[181, 434]
[374, 434]
[48, 435]
[181, 435]
[374, 435]
[50, 436]
[181, 436]
[374, 436]
[52, 437]
[181, 437]
[374, 437]
[54, 438]
[181, 438]
[374, 438]
[56, 439]
[181, 439]
[374, 439]
[58, 440]
[181, 440]
[374, 440]
[60, 441]
[181, 441]
[374, 441]
[300, 442]
[301, 442]
[1, 443]
[300, 443]
[301, 443]
[11, 444]
[300, 444]
[301, 444]
[13, 445]
[300, 445]
[301, 445]
[15, 446]
[300, 446]
[301, 446]
[303, 447]
[347, 447]
[304, 448]
[348, 448]
[305, 449]
[349, 449]
[306, 450]
[350, 450]
[307, 451]
[351, 451]
[308, 452]
[352, 452]
[309, 453]
[353, 453]
[310, 454]
[354, 454]
[311, 455]
[355, 455]
[312, 456]
[356, 456]
[313, 457]
[357, 457]
[314, 458]
[358, 458]
[212, 459]
[272, 459]
[318, 460]
[334, 460]
[319, 461]
[335, 461]
[320, 462]
[336, 462]
[321, 463]
[337, 463]
[322, 464]
[338, 464]
[323, 465]
[339, 465]
[324, 466]
[340, 466]
[325, 467]
[341, 467]
[326, 468]
[342, 468]
[327, 469]
[343, 469]
[330, 470]
[345, 470]
[93, 471]
[212, 471]
[272, 471]
[238, 472]
[361, 472]
[93, 473]
[238, 473]
[361, 473]
[383, 474]
[384, 474]
[1, 475]
[383, 475]
[384, 475]
[11, 476]
[383, 476]
[384, 476]
[13, 477]
[383, 477]
[384, 477]
[15, 478]
[383, 478]
[384, 478]
[387, 479]
[429, 479]
[389, 480]
[430, 480]
[390, 481]
[431, 481]
[391, 482]
[432, 482]
[392, 483]
[433, 483]
[393, 484]
[434, 484]
[394, 485]
[435, 485]
[395, 486]
[436, 486]
[396, 487]
[437, 487]
[397, 488]
[438, 488]
[398, 489]
[439, 489]
[399, 490]
[440, 490]
[400, 491]
[441, 491]
[401, 492]
[415, 492]
[402, 493]
[416, 493]
[403, 494]
[417, 494]
[404, 495]
[418, 495]
[405, 496]
[419, 496]
[406, 497]
[420, 497]
[407, 498]
[421, 498]
[408, 499]
[422, 499]
[409, 500]
[423, 500]
[410, 501]
[424, 501]
[411, 502]
[425, 502]
[412, 503]
[426, 503]
[413, 504]
[427, 504]
[414, 505]
[428, 505]
[299, 506]
[471, 506]
[0, 507]
[299, 507]
[471, 507]
[10, 508]
[299, 508]
[471, 508]
[12, 509]
[299, 509]
[471, 509]
[14, 510]
[299, 510]
[471, 510]
[382, 511]
[473, 511]
[0, 512]
[382, 512]
[473, 512]
[10, 513]
[382, 513]
[473, 513]
[12, 514]
[382, 514]
[473, 514]
[14, 515]
[382, 515]
[473, 515]
[444, 516]
[508, 516]
[445, 517]
[509, 517]
[446, 518]
[510, 518]
[475, 519]
[512, 519]
[476, 520]
[513, 520]
[477, 521]
[514, 521]
[478, 522]
[515, 522]
0 : [4, 18]
1 : [11, 26]
2 : [243, 273]
3 : [258, 289]
4 : [307, 309]
5 : [308, 310]
6 : [400, 408]
7 : [405, 414]
8 : [439, 471]
9 : [455, 488]
10 : [36, 39]
11 : [37, 40]
12 : [43, 46]
13 : [44, 47]
14 : [50, 53]
15 : [51, 54]
16 : [313, 316]
17 : [314, 317]
18 : [320, 323]
19 : [321, 324]
20 : [327, 330]
21 : [328, 331]
22 : [334, 337]
23 : [335, 338]
24 : [341, 344]
25 : [342, 345]
26 : [348, 351]
27 : [349, 352]
28 : [355, 358]
29 : [356, 359]
30 : [362, 365]
31 : [363, 366]
32 : [369, 372]
33 : [370, 373]
34 : [376, 379]
35 : [377, 380]
36 : [420, 423]
37 : [421, 424]
38 : [507, 510]
39 : [508, 511]
40 : [514, 517]
41 : [515, 518]
42 : [521, 524]
43 : [522, 525]
44 : [528, 531]
45 : [529, 532]
46 : [535, 538]
47 : [536, 539]
48 : [542, 545]
49 : [543, 546]
50 : [549, 552]
51 : [550, 553]
52 : [556, 559]
53 : [557, 560]
54 : [563, 566]
55 : [564, 567]
56 : [570, 573]
57 : [571, 574]
58 : [577, 580]
59 : [578, 581]
60 : [584, 587]
61 : [585, 588]
62 : [82]
63 : [83]
64 : [664]
65 : [665]
66 : [680]
67 : [681]
68 : [156]
69 : [157]
70 : [168]
71 : [169]
72 : [426, 428]
73 : [427, 429]
74 : [628, 630]
75 : [629, 631]
76 : [74]
77 : [76]
78 : [658]
79 : [660]
80 : [674]
81 : [676]
82 : [74, 76, 75, 87]
83 : [658, 660, 659, 708]
84 : [674, 676, 675, 707]
85 : [149]
86 : [151]
87 : [160]
88 : [162]
89 : [149, 151, 150, 208]
90 : [160, 162, 161, 173]
91 : [56, 64]
92 : [60, 68]
93 : [112, 120]
94 : [116, 124]
95 : [598]
96 : [599]
97 : [393]
98 : [395]
99 : [73, 81]
100 : [77, 84]
101 : [129, 137]
102 : [133, 140]
103 : [657, 663]
104 : [661, 666]
105 : [673, 679]
106 : [677, 682]
107 : [664, 665, 657, 663, 65]
108 : [82, 83, 73, 81, 69]
109 : [680, 681, 673, 679, 125]
110 : [658, 660, 657, 663, 57]
111 : [74, 76, 73, 81, 61]
112 : [89, 101]
113 : [95, 106]
114 : [674, 676, 673, 679, 117]
115 : [144, 152]
116 : [148, 155]
117 : [159, 167]
118 : [163, 170]
119 : [668, 670]
120 : [669, 671]
121 : [684, 686]
122 : [685, 687]
123 : [156, 157, 148, 155, 139]
124 : [168, 169, 159, 167, 141]
125 : [149, 151, 148, 155, 132]
126 : [160, 162, 159, 167, 134]
127 : [175, 185]
128 : [180, 189]
129 : [194, 202]
130 : [198, 205]
131 : [427, 429, 393, 395, 394]
132 : [210, 218]
133 : [214, 221]
134 : [225, 233]
135 : [229, 236]
136 : [593]
137 : [595]
138 : [593, 595, 594, 709]
139 : [386]
140 : [389]
141 : [386, 389, 388, 711]
142 : [620]
143 : [622]
144 : [427, 429, 386, 389, 387]
145 : [620, 622, 621]
146 : [382, 390]
147 : [385, 392]
148 : [611, 619]
149 : [615, 623]
150 : [628, 630, 620, 622, 410]
151 : [107]
152 : [110]
153 : [590, 596]
154 : [592, 597]
155 : [633, 635]
156 : [634, 636]
157 : [393, 395, 385, 392, 304]
158 : [598, 599, 592, 597, 504]
159 : [593, 595, 592, 597, 470]
160 : [601, 603]
161 : [602, 604]
162 : [386, 389, 385, 392, 272]
163 : [649]
164 : [652]
165 : [431, 433]
166 : [432, 434]
167 : [612]
168 : [614]
169 : [612, 614, 613, 710]
170 : [95, 106, 107, 110, 86]
171 : [620, 622, 611, 619, 275]
172 : [628, 630, 612, 614, 401]
173 : [620, 622, 633, 635, 473]
174 : [668, 670, 649, 652, 650]
175 : [684, 686, 649, 652, 651]
176 : [107, 110, 602, 604, 109]
177 : [96]
178 : [100]
179 : [611, 619, 612, 614, 244]
180 : [96, 100, 99, 713]
181 : [633, 635, 612, 614, 440]
182 : [107, 110, 432, 434, 108]
183 : [639]
184 : [643]
185 : [219]
186 : [220]
187 : [222]
188 : [223]
189 : [234]
190 : [235]
191 : [237]
192 : [238]
193 : [639, 643, 642, 712]
194 : [95, 106, 96, 100, 80]
195 : [668, 670, 639, 643, 640]
196 : [684, 686, 639, 643, 641]
197 : [602, 604, 96, 100, 98]
198 : [432, 434, 96, 100, 97]
199 : [638, 648]
200 : [644, 653]
201 : [210, 218, 219, 220, 203]
202 : [214, 221, 222, 223, 204]
203 : [225, 233, 234, 235, 206]
204 : [229, 236, 237, 238, 207]
205 : [194, 202, 203, 204, 153]
206 : [198, 205, 206, 207, 154]
207 : [649, 652, 638, 648, 624]
208 : [639, 643, 638, 648, 616]
209 : [606, 608]
210 : [607, 609]
211 : [144, 152, 153, 154, 138]
212 : [129, 137, 139, 138, 121]
213 : [211]
214 : [213]
215 : [215]
216 : [217]
217 : [226]
218 : [228]
219 : [230]
220 : [232]
221 : [211, 213, 212, 698]
222 : [215, 217, 216, 699]
223 : [226, 228, 227, 705]
224 : [230, 232, 231, 706]
225 : [689, 691]
226 : [690, 692]
227 : [210, 218, 211, 213, 195]
228 : [214, 221, 215, 217, 197]
229 : [225, 233, 226, 228, 199]
230 : [229, 236, 230, 232, 201]
231 : [195, 197, 196, 209]
232 : [199, 201, 200, 224]
233 : [194, 202, 195, 197, 145]
234 : [198, 205, 199, 201, 147]
235 : [145, 147, 146, 193]
236 : [144, 152, 145, 147, 130]
237 : [132, 130, 131, 143]
238 : [129, 137, 132, 130, 113]
239 : [694, 696]
240 : [695, 697]
241 : [701, 703]
242 : [702, 704]
243 : [219, 220, 694, 696, 186]
244 : [222, 223, 695, 697, 188]
245 : [234, 235, 701, 703, 190]
246 : [237, 238, 702, 704, 192]
247 : [211, 213, 694, 696, 176]
248 : [215, 217, 695, 697, 179]
249 : [226, 228, 701, 703, 181]
250 : [230, 232, 702, 704, 184]
251 : [606, 608, 186, 188, 102]
252 : [607, 609, 190, 192, 105]
253 : [175, 185, 186, 188, 171]
254 : [180, 189, 190, 192, 172]
255 : [689, 691, 186, 188, 187]
256 : [690, 692, 190, 192, 191]
257 : [176, 179, 178, 693]
258 : [181, 184, 183, 700]
259 : [606, 608, 176, 179, 90]
260 : [607, 609, 181, 184, 94]
261 : [175, 185, 176, 179, 164]
262 : [180, 189, 181, 184, 166]
263 : [689, 691, 176, 179, 177]
264 : [690, 692, 181, 184, 182]
265 : [89, 101, 102, 105, 85]
266 : [431, 433, 102, 105, 103]
267 : [601, 603, 102, 105, 104]
268 : [163, 170, 171, 172, 142]
269 : [644, 653, 187, 191, 626]
270 : [669, 671, 187, 191, 654]
271 : [685, 687, 187, 191, 655]
272 : [133, 140, 141, 142, 123]
273 : [624, 626, 625]
274 : [661, 666, 650, 654, 67]
275 : [77, 84, 86, 85, 71]
276 : [677, 682, 651, 655, 127]
277 : [615, 623, 624, 626, 288]
278 : [382, 390, 108, 103, 291]
279 : [426, 428, 108, 103, 391]
280 : [629, 631, 624, 626, 413]
281 : [634, 636, 624, 626, 487]
282 : [590, 596, 109, 104, 490]
283 : [90, 94, 93, 605]
284 : [164, 166, 165, 174]
285 : [177, 182, 647, 688]
286 : [65, 67, 66]
287 : [69, 71, 70]
288 : [89, 101, 90, 94, 78]
289 : [431, 433, 90, 94, 91]
290 : [601, 603, 90, 94, 92]
291 : [125, 127, 126]
292 : [163, 170, 164, 166, 136]
293 : [504, 490, 503]
294 : [644, 653, 177, 182, 618]
295 : [669, 671, 177, 182, 645]
296 : [685, 687, 177, 182, 646]
297 : [304, 291, 303]
298 : [394, 391, 417]
299 : [116, 124, 125, 127, 25]
300 : [56, 64, 65, 67, 28]
301 : [60, 68, 69, 71, 33]
302 : [455, 488, 504, 490, 489]
303 : [508, 511, 504, 490, 491]
304 : [515, 518, 504, 490, 492]
305 : [522, 525, 504, 490, 493]
306 : [529, 532, 504, 490, 494]
307 : [536, 539, 504, 490, 495]
308 : [543, 546, 504, 490, 496]
309 : [550, 553, 504, 490, 497]
310 : [557, 560, 504, 490, 498]
311 : [564, 567, 504, 490, 499]
312 : [571, 574, 504, 490, 500]
313 : [578, 581, 504, 490, 501]
314 : [585, 588, 504, 490, 502]
315 : [275, 288, 287]
316 : [258, 289, 304, 291, 290]
317 : [308, 310, 304, 291, 292]
318 : [314, 317, 304, 291, 293]
319 : [321, 324, 304, 291, 294]
320 : [328, 331, 304, 291, 295]
321 : [335, 338, 304, 291, 296]
322 : [342, 345, 304, 291, 297]
323 : [349, 352, 304, 291, 298]
324 : [356, 359, 304, 291, 299]
325 : [363, 366, 304, 291, 300]
326 : [370, 373, 304, 291, 301]
327 : [377, 380, 304, 291, 302]
328 : [410, 413, 412]
329 : [405, 414, 394, 391, 415]
330 : [421, 424, 394, 391, 416]
331 : [473, 487, 486]
332 : [243, 273, 275, 288, 274]
333 : [307, 309, 275, 288, 276]
334 : [313, 316, 275, 288, 277]
335 : [320, 323, 275, 288, 278]
336 : [327, 330, 275, 288, 279]
337 : [334, 337, 275, 288, 280]
338 : [341, 344, 275, 288, 281]
339 : [348, 351, 275, 288, 282]
340 : [355, 358, 275, 288, 283]
341 : [362, 365, 275, 288, 284]
342 : [369, 372, 275, 288, 285]
343 : [376, 379, 275, 288, 286]
344 : [400, 408, 410, 413, 409]
345 : [420, 423, 410, 413, 411]
346 : [439, 471, 473, 487, 472]
347 : [507, 510, 473, 487, 474]
348 : [514, 517, 473, 487, 475]
349 : [521, 524, 473, 487, 476]
350 : [528, 531, 473, 487, 477]
351 : [535, 538, 473, 487, 478]
352 : [542, 545, 473, 487, 479]
353 : [549, 552, 473, 487, 480]
354 : [556, 559, 473, 487, 481]
355 : [563, 566, 473, 487, 482]
356 : [570, 573, 473, 487, 483]
357 : [577, 580, 473, 487, 484]
358 : [584, 587, 473, 487, 485]
359 : [134, 136, 135, 158]
360 : [80, 78, 79, 88]
361 : [133, 140, 134, 136, 115]
362 : [97, 91, 384, 430]
363 : [98, 92, 591, 600]
364 : [616, 618, 617, 637]
365 : [640, 645, 662, 667]
366 : [641, 646, 678, 683]
367 : [661, 666, 640, 645, 59]
368 : [77, 84, 80, 78, 63]
369 : [677, 682, 641, 646, 119]
370 : [615, 623, 616, 618, 257]
371 : [382, 390, 97, 91, 259]
372 : [426, 428, 97, 91, 383]
373 : [629, 631, 616, 618, 404]
374 : [634, 636, 616, 618, 454]
375 : [590, 596, 98, 92, 456]
376 : [57, 59, 58, 656]
377 : [61, 63, 62, 72]
378 : [117, 119, 118, 672]
379 : [470, 456, 469, 589]
380 : [272, 259, 271, 381]
381 : [387, 383, 407, 425]
382 : [116, 124, 117, 119, 10]
383 : [56, 64, 57, 59, 12]
384 : [60, 68, 61, 63, 17]
385 : [244, 257, 256, 610]
386 : [401, 404, 403, 627]
387 : [455, 488, 470, 456, 438]
388 : [440, 454, 453, 632]
389 : [508, 511, 470, 456, 457]
390 : [515, 518, 470, 456, 458]
391 : [522, 525, 470, 456, 459]
392 : [529, 532, 470, 456, 460]
393 : [536, 539, 470, 456, 461]
394 : [543, 546, 470, 456, 462]
395 : [550, 553, 470, 456, 463]
396 : [557, 560, 470, 456, 464]
397 : [564, 567, 470, 456, 465]
398 : [571, 574, 470, 456, 466]
399 : [578, 581, 470, 456, 467]
400 : [585, 588, 470, 456, 468]
401 : [258, 289, 272, 259, 242]
402 : [308, 310, 272, 259, 260]
403 : [314, 317, 272, 259, 261]
404 : [321, 324, 272, 259, 262]
405 : [328, 331, 272, 259, 263]
406 : [335, 338, 272, 259, 264]
407 : [342, 345, 272, 259, 265]
408 : [349, 352, 272, 259, 266]
409 : [356, 359, 272, 259, 267]
410 : [363, 366, 272, 259, 268]
411 : [370, 373, 272, 259, 269]
412 : [377, 380, 272, 259, 270]
413 : [405, 414, 387, 383, 399]
414 : [421, 424, 387, 383, 406]
415 : [243, 273, 244, 257, 241]
416 : [307, 309, 244, 257, 245]
417 : [313, 316, 244, 257, 246]
418 : [320, 323, 244, 257, 247]
419 : [327, 330, 244, 257, 248]
420 : [334, 337, 244, 257, 249]
421 : [341, 344, 244, 257, 250]
422 : [348, 351, 244, 257, 251]
423 : [355, 358, 244, 257, 252]
424 : [362, 365, 244, 257, 253]
425 : [369, 372, 244, 257, 254]
426 : [376, 379, 244, 257, 255]
427 : [400, 408, 401, 404, 398]
428 : [420, 423, 401, 404, 402]
429 : [439, 471, 440, 454, 437]
430 : [507, 510, 440, 454, 441]
431 : [514, 517, 440, 454, 442]
432 : [521, 524, 440, 454, 443]
433 : [528, 531, 440, 454, 444]
434 : [535, 538, 440, 454, 445]
435 : [542, 545, 440, 454, 446]
436 : [549, 552, 440, 454, 447]
437 : [556, 559, 440, 454, 448]
438 : [563, 566, 440, 454, 449]
439 : [570, 573, 440, 454, 450]
440 : [577, 580, 440, 454, 451]
441 : [584, 587, 440, 454, 452]
442 : [28, 33, 32]
443 : [11, 26, 28, 33, 27]
444 : [37, 40, 28, 33, 29]
445 : [44, 47, 28, 33, 30]
446 : [51, 54, 28, 33, 31]
447 : [491, 474, 509]
448 : [492, 475, 516]
449 : [493, 476, 523]
450 : [494, 477, 530]
451 : [495, 478, 537]
452 : [496, 479, 544]
453 : [497, 480, 551]
454 : [498, 481, 558]
455 : [499, 482, 565]
456 : [500, 483, 572]
457 : [501, 484, 579]
458 : [502, 485, 586]
459 : [121, 123, 122]
460 : [293, 277, 315]
461 : [294, 278, 322]
462 : [295, 279, 329]
463 : [296, 280, 336]
464 : [297, 281, 343]
465 : [298, 282, 350]
466 : [299, 283, 357]
467 : [300, 284, 364]
468 : [301, 285, 371]
469 : [302, 286, 378]
470 : [416, 411, 422]
471 : [112, 120, 121, 123, 20]
472 : [113, 115, 114, 128]
473 : [112, 120, 113, 115, 5]
474 : [12, 17, 16, 55]
475 : [11, 26, 12, 17, 3]
476 : [37, 40, 12, 17, 13]
477 : [44, 47, 12, 17, 14]
478 : [51, 54, 12, 17, 15]
479 : [438, 437, 435, 436]
480 : [457, 441, 505, 506]
481 : [458, 442, 512, 513]
482 : [459, 443, 519, 520]
483 : [460, 444, 526, 527]
484 : [461, 445, 533, 534]
485 : [462, 446, 540, 541]
486 : [463, 447, 547, 548]
487 : [464, 448, 554, 555]
488 : [465, 449, 561, 562]
489 : [466, 450, 568, 569]
490 : [467, 451, 575, 576]
491 : [468, 452, 582, 583]
492 : [242, 241, 239, 240]
493 : [260, 245, 305, 306]
494 : [261, 246, 311, 312]
495 : [262, 247, 318, 319]
496 : [263, 248, 325, 326]
497 : [264, 249, 332, 333]
498 : [265, 250, 339, 340]
499 : [266, 251, 346, 347]
500 : [267, 252, 353, 354]
501 : [268, 253, 360, 361]
502 : [269, 254, 367, 368]
503 : [270, 255, 374, 375]
504 : [399, 398, 396, 397]
505 : [406, 402, 418, 419]
506 : [25, 20, 24]
507 : [4, 18, 25, 20, 19]
508 : [36, 39, 25, 20, 21]
509 : [43, 46, 25, 20, 22]
510 : [50, 53, 25, 20, 23]
511 : [10, 5, 9, 111]
512 : [4, 18, 10, 5, 2]
513 : [36, 39, 10, 5, 6]
514 : [43, 46, 10, 5, 7]
515 : [50, 53, 10, 5, 8]
516 : [29, 21, 38]
517 : [30, 22, 45]
518 : [31, 23, 52]
519 : [3, 2, 0, 1]
520 : [13, 6, 34, 35]
521 : [14, 7, 41, 42]
522 : [15, 8, 48, 49]

Number of CIT: 1316
