[14, 21]
[17, 21]
[19, 21]
[37, 40]
[38, 40]
[13, 42]
[41, 42]
[4, 44]
[42, 44]
[12, 45]
[44, 45]
[39, 68]
[64, 68]
[65, 72]
[70, 72]
[66, 80]
[77, 80]
[69, 81]
[77, 81]
[67, 84]
[80, 84]
[63, 87]
[86, 87]
[64, 88]
[86, 88]
[70, 89]
[86, 89]
[73, 93]
[81, 93]
[89, 93]
[73, 97]
[84, 97]
[87, 97]
[72, 98]
[93, 98]
[99, 101]
[100, 101]
[95, 103]
[96, 103]
[101, 103]
[102, 103]
[94, 104]
[103, 104]
[91, 105]
[92, 105]
[104, 105]
[90, 106]
[105, 106]
[85, 107]
[103, 107]
[106, 107]
[83, 108]
[103, 108]
[106, 108]
[57, 109]
[107, 109]
[82, 110]
[108, 110]
[78, 111]
[79, 111]
[110, 111]
[76, 112]
[111, 112]
[75, 113]
[108, 113]
[112, 113]
[74, 114]
[113, 114]
[56, 115]
[109, 115]
[114, 115]
[62, 116]
[88, 116]
[107, 116]
[71, 117]
[115, 117]
[58, 118]
[115, 118]
[117, 118]
[60, 119]
[98, 119]
[107, 119]
[61, 120]
[97, 120]
[107, 120]
[15, 121]
[119, 121]
[15, 122]
[120, 122]
[59, 123]
[114, 123]
[116, 123]
[71, 124]
[123, 124]
[12, 125]
[121, 125]
[12, 126]
[122, 126]
[53, 127]
[58, 127]
[123, 127]
[124, 127]
[52, 128]
[100, 128]
[127, 128]
[54, 129]
[114, 129]
[119, 129]
[55, 130]
[114, 130]
[120, 130]
[71, 131]
[129, 131]
[71, 132]
[130, 132]
[58, 133]
[130, 133]
[132, 133]
[0, 134]
[121, 134]
[129, 134]
[131, 134]
[51, 135]
[114, 135]
[117, 135]
[124, 135]
[131, 135]
[132, 135]
[52, 136]
[127, 136]
[135, 136]
[49, 137]
[128, 137]
[136, 137]
[50, 138]
[137, 138]
[48, 139]
[138, 139]
[47, 140]
[139, 140]
[46, 141]
[140, 141]
[22, 142]
[138, 142]
[141, 142]
[43, 143]
[138, 143]
[141, 143]
[16, 144]
[142, 144]
[1, 145]
[142, 145]
[9, 146]
[142, 146]
[15, 147]
[144, 147]
[12, 148]
[147, 148]
[35, 149]
[40, 149]
[143, 149]
[26, 150]
[143, 150]
[149, 150]
[36, 151]
[41, 151]
[68, 151]
[143, 151]
[26, 152]
[143, 152]
[151, 152]
[23, 153]
[151, 153]
[34, 154]
[143, 154]
[149, 154]
[151, 154]
[11, 155]
[14, 155]
[17, 155]
[19, 155]
[149, 155]
[33, 156]
[138, 156]
[154, 156]
[32, 157]
[76, 157]
[79, 157]
[156, 157]
[31, 158]
[156, 158]
[157, 158]
[30, 159]
[158, 159]
[27, 160]
[71, 160]
[159, 160]
[18, 161]
[71, 161]
[159, 161]
[29, 162]
[159, 162]
[25, 163]
[159, 163]
[28, 164]
[71, 164]
[162, 164]
[160, 165]
[163, 165]
[53, 166]
[58, 166]
[146, 166]
[161, 166]
[20, 167]
[159, 167]
[165, 167]
[6, 168]
[53, 168]
[146, 168]
[161, 168]
[24, 169]
[52, 169]
[100, 169]
[152, 169]
[153, 169]
[164, 169]
[7, 170]
[144, 170]
[159, 170]
[161, 170]
[165, 170]
[49, 171]
[52, 171]
[167, 171]
[169, 171]
[10, 172]
[171, 172]
[5, 173]
[155, 173]
[164, 173]
[21, 174]
[24, 174]
[150, 174]
[164, 174]
[6, 175]
[150, 175]
[155, 175]
[164, 175]
[8, 176]
[42, 176]
[144, 176]
[172, 176]
[2, 177]
[150, 177]
[164, 177]
[173, 177]
[3, 178]
[176, 178]
0 : [154]
1 : [176]
2 : [208]
3 : [219]
4 : [41]
5 : [207]
6 : [210]
7 : [211]
8 : [217]
9 : [177]
10 : [216]
11 : [30]
12 : [43]
13 : [38]
14 : [27]
15 : [78]
16 : [151]
17 : [160]
18 : [209]
19 : [161, 162, 163, 164]
20 : [212]
21 : [27, 160, 161, 162, 163, 164, 29]
22 : [147]
23 : [173]
24 : [206]
25 : [201]
26 : [169]
27 : [200]
28 : [203]
29 : [197]
30 : [186]
31 : [183]
32 : [182]
33 : [179]
34 : [178]
35 : [159]
36 : [171]
37 : [31]
38 : [47]
39 : [82]
40 : [31, 47, 32]
41 : [33]
42 : [38, 33, 34]
43 : [155]
44 : [41, 34, 39]
45 : [43, 39, 42]
46 : [146]
47 : [144]
48 : [142]
49 : [83]
50 : [135, 136, 137]
51 : [125]
52 : [129]
53 : [5]
54 : [103]
55 : [118]
56 : [121]
57 : [120]
58 : [127]
59 : [124]
60 : [75]
61 : [117]
62 : [123]
63 : [19]
64 : [21]
65 : [54]
66 : [14]
67 : [16, 17]
68 : [82, 21, 22]
69 : [52]
70 : [24]
71 : [105]
72 : [54, 24, 26]
73 : [51]
74 : [98]
75 : [96]
76 : [94]
77 : [2]
78 : [12]
79 : [91]
80 : [14, 2, 3]
81 : [52, 2, 4]
82 : [90]
83 : [87]
84 : [16, 17, 3, 15]
85 : [71]
86 : [49]
87 : [19, 49, 20]
88 : [21, 49, 23]
89 : [24, 49, 25]
90 : [70]
91 : [36]
92 : [68]
93 : [51, 4, 25, 50]
94 : [67]
95 : [9]
96 : [11]
97 : [51, 15, 20, 18]
98 : [26, 50, 53]
99 : [0]
100 : [56]
101 : [0, 56, 1]
102 : [59, 60, 61, 62, 63]
103 : [9, 11, 1, 59, 60, 61, 62, 63, 10]
104 : [67, 10, 64]
105 : [36, 68, 64, 37]
106 : [70, 37, 69]
107 : [71, 10, 69, 65]
108 : [87, 10, 69, 66]
109 : [120, 65, 73]
110 : [90, 66, 88]
111 : [12, 91, 88, 13]
112 : [94, 13, 93]
113 : [96, 66, 93, 89]
114 : [98, 89, 97]
115 : [121, 73, 97, 100]
116 : [123, 23, 65, 74]
117 : [105, 100, 107]
118 : [127, 100, 107, 122]
119 : [75, 53, 65, 55]
120 : [117, 18, 65, 72]
121 : [78, 55, 76]
122 : [78, 72, 80]
123 : [124, 97, 74, 101]
124 : [105, 101, 108]
125 : [43, 76, 44]
126 : [43, 80, 46]
127 : [5, 127, 101, 108, 6]
128 : [129, 56, 6, 57, 128]
129 : [103, 97, 55, 77]
130 : [118, 97, 72, 99]
131 : [105, 77, 104]
132 : [105, 99, 106]
133 : [127, 99, 106, 119]
134 : [154, 76, 77, 104, 81]
135 : [125, 97, 107, 108, 104, 106, 102]
136 : [129, 6, 102, 126]
137 : [83, 57, 128, 126, 84, 133]
138 : [135, 136, 137, 84, 133, 134]
139 : [142, 134, 138]
140 : [144, 138, 143]
141 : [146, 143, 145]
142 : [147, 134, 145, 139]
143 : [155, 134, 145, 140]
144 : [151, 139, 148]
145 : [176, 139, 149]
146 : [177, 139, 150]
147 : [78, 148, 79]
148 : [43, 79, 45]
149 : [159, 32, 140, 48]
150 : [169, 140, 48, 156]
151 : [171, 33, 22, 140, 35]
152 : [169, 140, 35, 157]
153 : [173, 35, 172]
154 : [178, 140, 48, 35, 158]
155 : [30, 27, 160, 161, 162, 163, 164, 48, 28]
156 : [179, 134, 158, 141]
157 : [182, 94, 91, 141, 92, 95, 180]
158 : [183, 141, 92, 95, 180, 181]
159 : [186, 181, 184, 185]
160 : [200, 105, 184, 185, 109, 113, 188, 193]
161 : [209, 105, 184, 185, 112, 116, 191, 195]
162 : [197, 184, 185, 187, 192]
163 : [201, 184, 185, 189, 194]
164 : [203, 105, 187, 192, 110, 111, 114, 115, 198, 199, 204, 205]
165 : [109, 113, 188, 193, 189, 194, 202, 213]
166 : [5, 127, 150, 112, 116, 191, 195, 8]
167 : [212, 184, 185, 202, 213, 190, 196]
168 : [210, 5, 150, 112, 116, 191, 195, 7]
169 : [206, 129, 56, 157, 172, 110, 111, 114, 115, 198, 199, 204, 205, 58, 131, 174, 175]
170 : [211, 148, 184, 185, 112, 116, 191, 195, 202, 213, 152, 153]
171 : [83, 129, 190, 196, 58, 131, 174, 175, 85, 86, 130, 132, 214]
172 : [216, 85, 86, 130, 132, 214, 215]
173 : [207, 28, 110, 111, 114, 115, 198, 199, 204, 205, 165]
174 : [29, 206, 156, 110, 111, 114, 115, 198, 199, 204, 205, 167, 168]
175 : [210, 156, 28, 110, 111, 114, 115, 198, 199, 204, 205, 166]
176 : [217, 34, 148, 215, 40]
177 : [208, 156, 110, 111, 114, 115, 198, 199, 204, 205, 165, 170]
178 : [219, 40, 218]

Number of CIT: 403
