[15, 37]
[16, 37]
[19, 46]
[20, 46]
[22, 58]
[23, 58]
[25, 63]
[26, 63]
[29, 72]
[30, 72]
[32, 84]
[33, 84]
[40, 88]
[41, 88]
[42, 89]
[43, 89]
[48, 93]
[49, 93]
[50, 94]
[51, 94]
[53, 97]
[54, 97]
[55, 98]
[56, 98]
[66, 101]
[67, 101]
[68, 102]
[69, 102]
[74, 106]
[75, 106]
[76, 107]
[77, 107]
[79, 110]
[80, 110]
[81, 111]
[82, 111]
[34, 112]
[35, 112]
[86, 113]
[87, 113]
[17, 114]
[88, 114]
[18, 115]
[89, 115]
[91, 119]
[92, 119]
[95, 120]
[96, 120]
[60, 128]
[61, 128]
[99, 129]
[100, 129]
[27, 130]
[101, 130]
[28, 131]
[102, 131]
[104, 135]
[105, 135]
[108, 136]
[109, 136]
[39, 144]
[113, 144]
[116, 145]
[117, 145]
[121, 149]
[122, 149]
[125, 153]
[126, 153]
[65, 155]
[129, 155]
[132, 156]
[133, 156]
[137, 160]
[138, 160]
[141, 164]
[142, 164]
[146, 166]
[147, 166]
[93, 171]
[94, 171]
[150, 172]
[151, 172]
[97, 173]
[98, 173]
[157, 174]
[158, 174]
[106, 179]
[107, 179]
[161, 180]
[162, 180]
[110, 181]
[111, 181]
[118, 182]
[166, 182]
[44, 184]
[168, 184]
[45, 185]
[169, 185]
[134, 188]
[174, 188]
[70, 190]
[176, 190]
[71, 191]
[177, 191]
[186, 196]
[187, 196]
[192, 199]
[193, 199]
[184, 205]
[185, 205]
[190, 207]
[191, 207]
[214, 218]
[215, 218]
[216, 220]
[217, 220]
[208, 222]
[218, 222]
[211, 227]
[220, 227]
[223, 232]
[224, 232]
[228, 240]
[229, 240]
[235, 252]
[236, 252]
[238, 255]
[239, 255]
[243, 260]
[244, 260]
[246, 263]
[247, 263]
[248, 264]
[249, 264]
[250, 265]
[251, 265]
[225, 266]
[252, 266]
[253, 267]
[254, 267]
[226, 268]
[255, 268]
[256, 269]
[257, 269]
[258, 270]
[259, 270]
[230, 271]
[260, 271]
[261, 272]
[262, 272]
[231, 273]
[263, 273]
[233, 274]
[264, 274]
[241, 275]
[269, 275]
[286, 291]
[287, 291]
[288, 293]
[289, 293]
[294, 302]
[295, 302]
[298, 308]
[299, 308]
[290, 314]
[302, 314]
[304, 317]
[305, 317]
[306, 318]
[307, 318]
[292, 319]
[308, 319]
[310, 322]
[311, 322]
[312, 323]
[313, 323]
[315, 324]
[316, 324]
[296, 325]
[317, 325]
[297, 326]
[318, 326]
[320, 327]
[321, 327]
[300, 328]
[322, 328]
[301, 329]
[323, 329]
[330, 340]
[338, 340]
[331, 341]
[339, 341]
[336, 342]
[338, 342]
[337, 343]
[339, 343]
[330, 344]
[336, 344]
[338, 344]
[331, 345]
[337, 345]
[339, 345]
[332, 350]
[348, 350]
[333, 351]
[349, 351]
[346, 352]
[348, 352]
[347, 353]
[349, 353]
[332, 354]
[346, 354]
[348, 354]
[333, 355]
[347, 355]
[349, 355]
[334, 358]
[356, 358]
[335, 359]
[357, 359]
[120, 360]
[358, 360]
[136, 361]
[359, 361]
[169, 364]
[362, 364]
[177, 365]
[363, 365]
[356, 366]
[362, 366]
[357, 367]
[363, 367]
[334, 368]
[356, 368]
[362, 368]
[210, 369]
[366, 369]
[335, 370]
[357, 370]
[363, 370]
[213, 371]
[367, 371]
[168, 372]
[366, 372]
[265, 373]
[366, 373]
[176, 374]
[367, 374]
[270, 375]
[367, 375]
[324, 376]
[368, 376]
[267, 377]
[368, 377]
[119, 378]
[368, 378]
[172, 379]
[368, 379]
[327, 380]
[370, 380]
[272, 381]
[370, 381]
[135, 382]
[370, 382]
[180, 383]
[370, 383]
[364, 384]
[372, 384]
[365, 385]
[374, 385]
[389, 391]
[390, 391]
[388, 392]
[391, 392]
[387, 393]
[392, 393]
[386, 394]
[392, 394]
[386, 395]
[387, 395]
[392, 395]
[14, 396]
[393, 396]
[0, 397]
[393, 397]
[36, 398]
[393, 398]
[1, 399]
[393, 399]
[38, 400]
[393, 400]
[195, 401]
[393, 401]
[183, 402]
[393, 402]
[167, 403]
[393, 403]
[90, 404]
[393, 404]
[209, 405]
[393, 405]
[202, 406]
[393, 406]
[170, 407]
[393, 407]
[234, 408]
[393, 408]
[52, 409]
[394, 409]
[152, 410]
[393, 410]
[21, 411]
[393, 411]
[57, 412]
[393, 412]
[59, 413]
[393, 413]
[24, 414]
[393, 414]
[7, 415]
[393, 415]
[62, 416]
[393, 416]
[8, 417]
[393, 417]
[64, 418]
[393, 418]
[198, 419]
[393, 419]
[189, 420]
[393, 420]
[175, 421]
[393, 421]
[103, 422]
[393, 422]
[212, 423]
[393, 423]
[203, 424]
[393, 424]
[178, 425]
[393, 425]
[242, 426]
[393, 426]
[78, 427]
[394, 427]
[163, 428]
[393, 428]
[31, 429]
[393, 429]
[83, 430]
[393, 430]
[85, 431]
[393, 431]
[195, 432]
[401, 432]
[402, 432]
[167, 433]
[404, 433]
[303, 434]
[395, 434]
[237, 435]
[395, 435]
[148, 436]
[407, 436]
[47, 437]
[395, 437]
[124, 438]
[395, 438]
[198, 439]
[419, 439]
[420, 439]
[175, 440]
[422, 440]
[309, 441]
[395, 441]
[245, 442]
[395, 442]
[159, 443]
[425, 443]
[73, 444]
[395, 444]
[140, 445]
[395, 445]
[403, 446]
[432, 446]
[196, 447]
[393, 447]
[421, 448]
[439, 448]
[199, 449]
[393, 449]
[154, 450]
[447, 450]
[165, 451]
[449, 451]
[412, 452]
[450, 452]
[413, 453]
[450, 453]
[430, 454]
[451, 454]
[431, 455]
[451, 455]
[411, 456]
[452, 456]
[429, 457]
[454, 457]
[336, 458]
[393, 458]
[340, 459]
[394, 459]
[58, 460]
[453, 460]
[337, 461]
[393, 461]
[341, 462]
[394, 462]
[84, 463]
[455, 463]
[6, 464]
[459, 464]
[13, 465]
[462, 465]
[342, 466]
[393, 466]
[343, 467]
[393, 467]
[200, 468]
[336, 468]
[458, 468]
[466, 468]
[201, 469]
[337, 469]
[461, 469]
[467, 469]
[344, 470]
[395, 470]
[410, 471]
[468, 471]
[345, 472]
[395, 472]
[428, 473]
[469, 473]
[5, 474]
[471, 474]
[12, 475]
[473, 475]
[350, 476]
[394, 476]
[326, 477]
[470, 477]
[268, 478]
[470, 478]
[351, 479]
[394, 479]
[329, 480]
[472, 480]
[273, 481]
[472, 481]
[283, 482]
[477, 482]
[468, 483]
[478, 483]
[285, 484]
[480, 484]
[469, 485]
[481, 485]
[279, 486]
[482, 486]
[173, 487]
[470, 487]
[281, 488]
[484, 488]
[181, 489]
[472, 489]
[352, 490]
[393, 490]
[127, 491]
[486, 491]
[353, 492]
[393, 492]
[143, 493]
[488, 493]
[396, 494]
[490, 494]
[194, 495]
[393, 495]
[490, 495]
[414, 496]
[492, 496]
[197, 497]
[393, 497]
[492, 497]
[397, 498]
[494, 498]
[352, 499]
[398, 499]
[495, 499]
[354, 500]
[395, 500]
[115, 501]
[476, 501]
[415, 502]
[496, 502]
[353, 503]
[416, 503]
[497, 503]
[355, 504]
[395, 504]
[131, 505]
[479, 505]
[153, 506]
[470, 506]
[491, 506]
[164, 507]
[472, 507]
[493, 507]
[477, 508]
[478, 508]
[486, 508]
[480, 509]
[481, 509]
[488, 509]
[222, 510]
[393, 510]
[490, 510]
[227, 511]
[393, 511]
[492, 511]
[112, 512]
[495, 512]
[352, 513]
[400, 513]
[510, 513]
[2, 514]
[510, 514]
[362, 515]
[393, 515]
[471, 516]
[508, 516]
[128, 517]
[497, 517]
[353, 518]
[418, 518]
[511, 518]
[9, 519]
[511, 519]
[363, 520]
[393, 520]
[473, 521]
[509, 521]
[314, 522]
[500, 522]
[274, 523]
[500, 523]
[144, 524]
[500, 524]
[182, 525]
[500, 525]
[202, 526]
[515, 526]
[5, 527]
[516, 527]
[319, 528]
[504, 528]
[275, 529]
[504, 529]
[155, 530]
[504, 530]
[188, 531]
[504, 531]
[203, 532]
[520, 532]
[12, 533]
[521, 533]
[37, 534]
[510, 534]
[360, 535]
[409, 535]
[63, 536]
[511, 536]
[361, 537]
[427, 537]
[366, 538]
[393, 538]
[4, 539]
[535, 539]
[367, 540]
[393, 540]
[11, 541]
[537, 541]
[291, 542]
[522, 542]
[232, 543]
[523, 543]
[195, 544]
[538, 544]
[167, 545]
[538, 545]
[293, 546]
[528, 546]
[240, 547]
[529, 547]
[198, 548]
[540, 548]
[175, 549]
[540, 549]
[276, 550]
[542, 550]
[432, 551]
[544, 551]
[369, 552]
[405, 552]
[277, 553]
[546, 553]
[439, 554]
[548, 554]
[371, 555]
[423, 555]
[114, 556]
[524, 556]
[545, 557]
[551, 557]
[204, 558]
[552, 558]
[130, 559]
[530, 559]
[549, 560]
[554, 560]
[206, 561]
[555, 561]
[406, 562]
[526, 562]
[558, 562]
[373, 563]
[408, 563]
[424, 564]
[532, 564]
[561, 564]
[375, 565]
[426, 565]
[145, 566]
[550, 566]
[433, 567]
[558, 567]
[219, 568]
[366, 568]
[393, 568]
[515, 568]
[563, 568]
[156, 569]
[553, 569]
[440, 570]
[561, 570]
[221, 571]
[367, 571]
[393, 571]
[520, 571]
[565, 571]
[510, 572]
[543, 572]
[376, 573]
[434, 573]
[377, 574]
[435, 574]
[378, 575]
[437, 575]
[379, 576]
[438, 576]
[511, 577]
[547, 577]
[380, 578]
[441, 578]
[381, 579]
[442, 579]
[382, 580]
[444, 580]
[383, 581]
[445, 581]
[432, 582]
[567, 582]
[436, 583]
[568, 583]
[439, 584]
[570, 584]
[443, 585]
[571, 585]
[3, 586]
[583, 586]
[46, 587]
[568, 587]
[10, 588]
[585, 588]
[72, 589]
[571, 589]
[384, 590]
[562, 590]
[385, 591]
[564, 591]
[542, 592]
[543, 592]
[550, 592]
[525, 593]
[566, 593]
[546, 594]
[547, 594]
[553, 594]
[531, 595]
[569, 595]
[205, 596]
[562, 596]
[325, 597]
[573, 597]
[266, 598]
[574, 598]
[207, 599]
[564, 599]
[328, 600]
[578, 600]
[271, 601]
[579, 601]
[282, 602]
[597, 602]
[284, 603]
[600, 603]
[278, 604]
[602, 604]
[171, 605]
[575, 605]
[280, 606]
[603, 606]
[179, 607]
[580, 607]
[123, 608]
[604, 608]
[139, 609]
[606, 609]
[510, 610]
[592, 610]
[511, 611]
[594, 611]
[2, 612]
[610, 612]
[568, 613]
[598, 613]
[9, 614]
[611, 614]
[571, 615]
[601, 615]
[149, 616]
[608, 616]
[160, 617]
[609, 617]
[576, 618]
[616, 618]
[581, 619]
[617, 619]
[597, 620]
[598, 620]
[604, 620]
[600, 621]
[601, 621]
[606, 621]
[583, 622]
[620, 622]
[585, 623]
[621, 623]
[3, 624]
[622, 624]
[10, 625]
[623, 625]
0 : [103]
1 : [132]
2 : [203]
3 : [403]
4 : [433]
5 : [511]
6 : [529]
7 : [588]
8 : [613]
9 : [681]
10 : [881]
11 : [911]
12 : [989]
13 : [1007]
14 : [99]
15 : [148]
16 : [150]
17 : [221]
18 : [227]
19 : [398]
20 : [400]
21 : [542]
22 : [556]
23 : [558]
24 : [584]
25 : [629]
26 : [631]
27 : [699]
28 : [705]
29 : [876]
30 : [878]
31 : [1020]
32 : [1034]
33 : [1036]
34 : [104, 105]
35 : [107, 108]
36 : [124]
37 : [148, 150, 149]
38 : [201]
39 : [213]
40 : [217]
41 : [219]
42 : [223]
43 : [225]
44 : [313]
45 : [315]
46 : [398, 400, 399]
47 : [415]
48 : [417]
49 : [419]
50 : [421]
51 : [423]
52 : [431]
53 : [519]
54 : [521]
55 : [523]
56 : [525]
57 : [545]
58 : [556, 558, 557]
59 : [560]
60 : [589, 590]
61 : [592, 593]
62 : [609]
63 : [629, 631, 630]
64 : [679]
65 : [691]
66 : [695]
67 : [697]
68 : [701]
69 : [703]
70 : [791]
71 : [793]
72 : [876, 878, 877]
73 : [893]
74 : [895]
75 : [897]
76 : [899]
77 : [901]
78 : [909]
79 : [997]
80 : [999]
81 : [1001]
82 : [1003]
83 : [1023]
84 : [1034, 1036, 1035]
85 : [1038]
86 : [209]
87 : [211]
88 : [217, 219, 218]
89 : [223, 225, 224]
90 : [311]
91 : [409]
92 : [411]
93 : [417, 419, 418]
94 : [421, 423, 422]
95 : [425]
96 : [427]
97 : [519, 521, 520]
98 : [523, 525, 524]
99 : [687]
100 : [689]
101 : [695, 697, 696]
102 : [701, 703, 702]
103 : [789]
104 : [887]
105 : [889]
106 : [895, 897, 896]
107 : [899, 901, 900]
108 : [903]
109 : [905]
110 : [997, 999, 998]
111 : [1001, 1003, 1002]
112 : [104, 105, 107, 108, 106]
113 : [209, 211, 210]
114 : [221, 218, 220]
115 : [227, 224, 226]
116 : [231]
117 : [233]
118 : [240]
119 : [409, 411, 410]
120 : [425, 427, 426]
121 : [435]
122 : [437]
123 : [439]
124 : [448]
125 : [531]
126 : [533]
127 : [535]
128 : [589, 590, 592, 593, 591]
129 : [687, 689, 688]
130 : [699, 696, 698]
131 : [705, 702, 704]
132 : [709]
133 : [711]
134 : [718]
135 : [887, 889, 888]
136 : [903, 905, 904]
137 : [913]
138 : [915]
139 : [917]
140 : [926]
141 : [1009]
142 : [1011]
143 : [1013]
144 : [213, 210, 212]
145 : [231, 233, 232]
146 : [236]
147 : [238]
148 : [391]
149 : [435, 437, 436]
150 : [442]
151 : [444]
152 : [498]
153 : [531, 533, 532]
154 : [548]
155 : [691, 688, 690]
156 : [709, 711, 710]
157 : [714]
158 : [716]
159 : [869]
160 : [913, 915, 914]
161 : [920]
162 : [922]
163 : [976]
164 : [1009, 1011, 1010]
165 : [1026]
166 : [236, 238, 237]
167 : [276]
168 : [282]
169 : [286]
170 : [393]
171 : [418, 422, 420]
172 : [442, 444, 443]
173 : [520, 524, 522]
174 : [714, 716, 715]
175 : [754]
176 : [760]
177 : [764]
178 : [871]
179 : [896, 900, 898]
180 : [920, 922, 921]
181 : [998, 1002, 1000]
182 : [240, 237, 239]
183 : [271]
184 : [313, 282, 284]
185 : [315, 286, 288]
186 : [551]
187 : [553]
188 : [718, 715, 717]
189 : [749]
190 : [791, 760, 762]
191 : [793, 764, 766]
192 : [1029]
193 : [1031]
194 : [112]
195 : [246]
196 : [551, 553, 552]
197 : [597]
198 : [724]
199 : [1029, 1031, 1030]
200 : [502]
201 : [980]
202 : [301]
203 : [779]
204 : [290]
205 : [284, 288, 314]
206 : [768]
207 : [762, 766, 792]
208 : [138]
209 : [292]
210 : [296]
211 : [619]
212 : [770]
213 : [774]
214 : [134]
215 : [136]
216 : [615]
217 : [617]
218 : [134, 136, 135]
219 : [322]
220 : [615, 617, 616]
221 : [800]
222 : [138, 135, 137]
223 : [179]
224 : [181]
225 : [373]
226 : [484]
227 : [619, 616, 618]
228 : [657]
229 : [659]
230 : [851]
231 : [962]
232 : [179, 181, 180]
233 : [185]
234 : [329]
235 : [375]
236 : [377]
237 : [379]
238 : [486]
239 : [488]
240 : [657, 659, 658]
241 : [663]
242 : [807]
243 : [853]
244 : [855]
245 : [857]
246 : [964]
247 : [966]
248 : [187]
249 : [189]
250 : [324]
251 : [326]
252 : [375, 377, 376]
253 : [383]
254 : [385]
255 : [486, 488, 487]
256 : [665]
257 : [667]
258 : [802]
259 : [804]
260 : [853, 855, 854]
261 : [861]
262 : [863]
263 : [964, 966, 965]
264 : [187, 189, 188]
265 : [324, 326, 325]
266 : [373, 376, 374]
267 : [383, 385, 384]
268 : [484, 487, 485]
269 : [665, 667, 666]
270 : [802, 804, 803]
271 : [851, 854, 852]
272 : [861, 863, 862]
273 : [962, 965, 963]
274 : [185, 188, 186]
275 : [663, 666, 664]
276 : [171]
277 : [649]
278 : [345]
279 : [452]
280 : [823]
281 : [930]
282 : [365]
283 : [476]
284 : [843]
285 : [954]
286 : [164]
287 : [166]
288 : [642]
289 : [644]
290 : [156]
291 : [164, 166, 165]
292 : [637]
293 : [642, 644, 643]
294 : [152]
295 : [154]
296 : [360]
297 : [471]
298 : [633]
299 : [635]
300 : [838]
301 : [949]
302 : [152, 154, 153]
303 : [354]
304 : [356]
305 : [358]
306 : [467]
307 : [469]
308 : [633, 635, 634]
309 : [832]
310 : [834]
311 : [836]
312 : [945]
313 : [947]
314 : [156, 153, 155]
315 : [347]
316 : [349]
317 : [356, 358, 357]
318 : [467, 469, 468]
319 : [637, 634, 636]
320 : [825]
321 : [827]
322 : [834, 836, 835]
323 : [945, 947, 946]
324 : [347, 349, 348]
325 : [360, 357, 359]
326 : [471, 468, 470]
327 : [825, 827, 826]
328 : [838, 835, 837]
329 : [949, 946, 948]
330 : [461]
331 : [939]
332 : [162]
333 : [640]
334 : [351]
335 : [829]
336 : [462, 463, 464]
337 : [940, 941, 942]
338 : [454]
339 : [932]
340 : [461, 454, 459]
341 : [939, 932, 937]
342 : [462, 463, 464, 454, 457]
343 : [940, 941, 942, 932, 935]
344 : [461, 462, 463, 464, 454, 455, 456, 458, 460]
345 : [939, 940, 941, 942, 932, 933, 934, 936, 938]
346 : [13, 14, 15, 122]
347 : [576, 577, 578, 607]
348 : [0]
349 : [563]
350 : [162, 0, 11]
351 : [640, 563, 574]
352 : [13, 14, 15, 122, 0, 1, 2, 3, 4, 5, 8, 9, 120, 121, 199]
353 : [576, 577, 578, 607, 563, 564, 565, 566, 567, 568, 571, 572, 605, 606, 677]
354 : [162, 13, 14, 15, 122, 0, 6, 7, 10, 12]
355 : [640, 576, 577, 578, 607, 563, 569, 570, 573, 575]
356 : [252]
357 : [730]
358 : [351, 252, 263]
359 : [829, 730, 741]
360 : [426, 263, 428]
361 : [904, 741, 906]
362 : [265, 266, 267, 268, 269]
363 : [743, 744, 745, 746, 747]
364 : [286, 265, 266, 267, 268, 269, 287]
365 : [764, 743, 744, 745, 746, 747, 765]
366 : [252, 265, 266, 267, 268, 269, 253, 254, 255, 256, 257, 258, 259, 340]
367 : [730, 743, 744, 745, 746, 747, 731, 732, 733, 734, 735, 736, 737, 818]
368 : [351, 252, 265, 266, 267, 268, 269, 260, 261, 262, 264]
369 : [296, 253, 254, 255, 256, 257, 258, 259, 340, 295]
370 : [829, 730, 743, 744, 745, 746, 747, 738, 739, 740, 742]
371 : [774, 731, 732, 733, 734, 735, 736, 737, 818, 773]
372 : [282, 253, 254, 255, 256, 257, 258, 259, 340, 283]
373 : [325, 253, 254, 255, 256, 257, 258, 259, 340, 327]
374 : [760, 731, 732, 733, 734, 735, 736, 737, 818, 761]
375 : [803, 731, 732, 733, 734, 735, 736, 737, 818, 805]
376 : [348, 260, 261, 262, 264, 350]
377 : [384, 260, 261, 262, 264, 382]
378 : [410, 260, 261, 262, 264, 412]
379 : [443, 260, 261, 262, 264, 445]
380 : [826, 738, 739, 740, 742, 828]
381 : [862, 738, 739, 740, 742, 860]
382 : [888, 738, 739, 740, 742, 890]
383 : [921, 738, 739, 740, 742, 923]
384 : [287, 283, 285]
385 : [765, 761, 763]
386 : [158]
387 : [50]
388 : [22]
389 : [17]
390 : [20]
391 : [17, 20, 18, 19]
392 : [22, 18, 19, 21, 23, 24]
393 : [50, 21, 23, 24, 25, 26, 27, 28, 30, 31, 32, 33, 34, 35, 36, 37, 38, 39, 40, 41, 42, 43, 44, 45, 46, 47, 48, 49, 51, 52, 53, 60, 61, 62, 69, 70, 71, 74, 75, 76, 81, 82, 83, 90, 91, 92, 116, 145, 319, 338, 342, 601, 626, 797, 816, 820]
394 : [158, 21, 23, 24, 126, 127, 128, 129, 159, 160]
395 : [158, 50, 21, 23, 24, 29, 54, 55, 56, 57, 58, 59, 63, 64, 65, 66, 67, 68, 72, 73, 77, 78, 79, 80, 84, 85, 86, 87, 88, 89, 93, 94]
396 : [99, 25, 26, 27, 28, 30, 31, 32, 33, 34, 35, 36, 37, 38, 39, 40, 41, 42, 43, 44, 45, 46, 47, 48, 49, 51, 52, 53, 60, 61, 62, 69, 70, 71, 74, 75, 76, 81, 82, 83, 90, 91, 92, 116, 145, 319, 338, 342, 601, 626, 797, 816, 820, 95]
397 : [103, 25, 26, 27, 28, 30, 31, 32, 33, 34, 35, 36, 37, 38, 39, 40, 41, 42, 43, 44, 45, 46, 47, 48, 49, 51, 52, 53, 60, 61, 62, 69, 70, 71, 74, 75, 76, 81, 82, 83, 90, 91, 92, 116, 145, 319, 338, 342, 601, 626, 797, 816, 820, 101]
398 : [124, 25, 26, 27, 28, 30, 31, 32, 33, 34, 35, 36, 37, 38, 39, 40, 41, 42, 43, 44, 45, 46, 47, 48, 49, 51, 52, 53, 60, 61, 62, 69, 70, 71, 74, 75, 76, 81, 82, 83, 90, 91, 92, 116, 145, 319, 338, 342, 601, 626, 797, 816, 820, 117]
399 : [132, 25, 26, 27, 28, 30, 31, 32, 33, 34, 35, 36, 37, 38, 39, 40, 41, 42, 43, 44, 45, 46, 47, 48, 49, 51, 52, 53, 60, 61, 62, 69, 70, 71, 74, 75, 76, 81, 82, 83, 90, 91, 92, 116, 145, 319, 338, 342, 601, 626, 797, 816, 820, 130, 133]
400 : [201, 25, 26, 27, 28, 30, 31, 32, 33, 34, 35, 36, 37, 38, 39, 40, 41, 42, 43, 44, 45, 46, 47, 48, 49, 51, 52, 53, 60, 61, 62, 69, 70, 71, 74, 75, 76, 81, 82, 83, 90, 91, 92, 116, 145, 319, 338, 342, 601, 626, 797, 816, 820, 146]
401 : [246, 25, 26, 27, 28, 30, 31, 32, 33, 34, 35, 36, 37, 38, 39, 40, 41, 42, 43, 44, 45, 46, 47, 48, 49, 51, 52, 53, 60, 61, 62, 69, 70, 71, 74, 75, 76, 81, 82, 83, 90, 91, 92, 116, 145, 319, 338, 342, 601, 626, 797, 816, 820, 249]
402 : [271, 25, 26, 27, 28, 30, 31, 32, 33, 34, 35, 36, 37, 38, 39, 40, 41, 42, 43, 44, 45, 46, 47, 48, 49, 51, 52, 53, 60, 61, 62, 69, 70, 71, 74, 75, 76, 81, 82, 83, 90, 91, 92, 116, 145, 319, 338, 342, 601, 626, 797, 816, 820, 251]
403 : [276, 25, 26, 27, 28, 30, 31, 32, 33, 34, 35, 36, 37, 38, 39, 40, 41, 42, 43, 44, 45, 46, 47, 48, 49, 51, 52, 53, 60, 61, 62, 69, 70, 71, 74, 75, 76, 81, 82, 83, 90, 91, 92, 116, 145, 319, 338, 342, 601, 626, 797, 816, 820, 278]
404 : [311, 25, 26, 27, 28, 30, 31, 32, 33, 34, 35, 36, 37, 38, 39, 40, 41, 42, 43, 44, 45, 46, 47, 48, 49, 51, 52, 53, 60, 61, 62, 69, 70, 71, 74, 75, 76, 81, 82, 83, 90, 91, 92, 116, 145, 319, 338, 342, 601, 626, 797, 816, 820, 281]
405 : [292, 25, 26, 27, 28, 30, 31, 32, 33, 34, 35, 36, 37, 38, 39, 40, 41, 42, 43, 44, 45, 46, 47, 48, 49, 51, 52, 53, 60, 61, 62, 69, 70, 71, 74, 75, 76, 81, 82, 83, 90, 91, 92, 116, 145, 319, 338, 342, 601, 626, 797, 816, 820, 293]
406 : [301, 25, 26, 27, 28, 30, 31, 32, 33, 34, 35, 36, 37, 38, 39, 40, 41, 42, 43, 44, 45, 46, 47, 48, 49, 51, 52, 53, 60, 61, 62, 69, 70, 71, 74, 75, 76, 81, 82, 83, 90, 91, 92, 116, 145, 319, 338, 342, 601, 626, 797, 816, 820, 303]
407 : [393, 25, 26, 27, 28, 30, 31, 32, 33, 34, 35, 36, 37, 38, 39, 40, 41, 42, 43, 44, 45, 46, 47, 48, 49, 51, 52, 53, 60, 61, 62, 69, 70, 71, 74, 75, 76, 81, 82, 83, 90, 91, 92, 116, 145, 319, 338, 342, 601, 626, 797, 816, 820, 320]
408 : [329, 25, 26, 27, 28, 30, 31, 32, 33, 34, 35, 36, 37, 38, 39, 40, 41, 42, 43, 44, 45, 46, 47, 48, 49, 51, 52, 53, 60, 61, 62, 69, 70, 71, 74, 75, 76, 81, 82, 83, 90, 91, 92, 116, 145, 319, 338, 342, 601, 626, 797, 816, 820, 330]
409 : [431, 126, 127, 128, 129, 159, 160, 430]
410 : [498, 25, 26, 27, 28, 30, 31, 32, 33, 34, 35, 36, 37, 38, 39, 40, 41, 42, 43, 44, 45, 46, 47, 48, 49, 51, 52, 53, 60, 61, 62, 69, 70, 71, 74, 75, 76, 81, 82, 83, 90, 91, 92, 116, 145, 319, 338, 342, 601, 626, 797, 816, 820, 497]
411 : [542, 25, 26, 27, 28, 30, 31, 32, 33, 34, 35, 36, 37, 38, 39, 40, 41, 42, 43, 44, 45, 46, 47, 48, 49, 51, 52, 53, 60, 61, 62, 69, 70, 71, 74, 75, 76, 81, 82, 83, 90, 91, 92, 116, 145, 319, 338, 342, 601, 626, 797, 816, 820, 543]
412 : [545, 25, 26, 27, 28, 30, 31, 32, 33, 34, 35, 36, 37, 38, 39, 40, 41, 42, 43, 44, 45, 46, 47, 48, 49, 51, 52, 53, 60, 61, 62, 69, 70, 71, 74, 75, 76, 81, 82, 83, 90, 91, 92, 116, 145, 319, 338, 342, 601, 626, 797, 816, 820, 546]
413 : [560, 25, 26, 27, 28, 30, 31, 32, 33, 34, 35, 36, 37, 38, 39, 40, 41, 42, 43, 44, 45, 46, 47, 48, 49, 51, 52, 53, 60, 61, 62, 69, 70, 71, 74, 75, 76, 81, 82, 83, 90, 91, 92, 116, 145, 319, 338, 342, 601, 626, 797, 816, 820, 561]
414 : [584, 25, 26, 27, 28, 30, 31, 32, 33, 34, 35, 36, 37, 38, 39, 40, 41, 42, 43, 44, 45, 46, 47, 48, 49, 51, 52, 53, 60, 61, 62, 69, 70, 71, 74, 75, 76, 81, 82, 83, 90, 91, 92, 116, 145, 319, 338, 342, 601, 626, 797, 816, 820, 580]
415 : [588, 25, 26, 27, 28, 30, 31, 32, 33, 34, 35, 36, 37, 38, 39, 40, 41, 42, 43, 44, 45, 46, 47, 48, 49, 51, 52, 53, 60, 61, 62, 69, 70, 71, 74, 75, 76, 81, 82, 83, 90, 91, 92, 116, 145, 319, 338, 342, 601, 626, 797, 816, 820, 586]
416 : [609, 25, 26, 27, 28, 30, 31, 32, 33, 34, 35, 36, 37, 38, 39, 40, 41, 42, 43, 44, 45, 46, 47, 48, 49, 51, 52, 53, 60, 61, 62, 69, 70, 71, 74, 75, 76, 81, 82, 83, 90, 91, 92, 116, 145, 319, 338, 342, 601, 626, 797, 816, 820, 602]
417 : [613, 25, 26, 27, 28, 30, 31, 32, 33, 34, 35, 36, 37, 38, 39, 40, 41, 42, 43, 44, 45, 46, 47, 48, 49, 51, 52, 53, 60, 61, 62, 69, 70, 71, 74, 75, 76, 81, 82, 83, 90, 91, 92, 116, 145, 319, 338, 342, 601, 626, 797, 816, 820, 611, 614]
418 : [679, 25, 26, 27, 28, 30, 31, 32, 33, 34, 35, 36, 37, 38, 39, 40, 41, 42, 43, 44, 45, 46, 47, 48, 49, 51, 52, 53, 60, 61, 62, 69, 70, 71, 74, 75, 76, 81, 82, 83, 90, 91, 92, 116, 145, 319, 338, 342, 601, 626, 797, 816, 820, 627]
419 : [724, 25, 26, 27, 28, 30, 31, 32, 33, 34, 35, 36, 37, 38, 39, 40, 41, 42, 43, 44, 45, 46, 47, 48, 49, 51, 52, 53, 60, 61, 62, 69, 70, 71, 74, 75, 76, 81, 82, 83, 90, 91, 92, 116, 145, 319, 338, 342, 601, 626, 797, 816, 820, 727]
420 : [749, 25, 26, 27, 28, 30, 31, 32, 33, 34, 35, 36, 37, 38, 39, 40, 41, 42, 43, 44, 45, 46, 47, 48, 49, 51, 52, 53, 60, 61, 62, 69, 70, 71, 74, 75, 76, 81, 82, 83, 90, 91, 92, 116, 145, 319, 338, 342, 601, 626, 797, 816, 820, 729]
421 : [754, 25, 26, 27, 28, 30, 31, 32, 33, 34, 35, 36, 37, 38, 39, 40, 41, 42, 43, 44, 45, 46, 47, 48, 49, 51, 52, 53, 60, 61, 62, 69, 70, 71, 74, 75, 76, 81, 82, 83, 90, 91, 92, 116, 145, 319, 338, 342, 601, 626, 797, 816, 820, 756]
422 : [789, 25, 26, 27, 28, 30, 31, 32, 33, 34, 35, 36, 37, 38, 39, 40, 41, 42, 43, 44, 45, 46, 47, 48, 49, 51, 52, 53, 60, 61, 62, 69, 70, 71, 74, 75, 76, 81, 82, 83, 90, 91, 92, 116, 145, 319, 338, 342, 601, 626, 797, 816, 820, 759]
423 : [770, 25, 26, 27, 28, 30, 31, 32, 33, 34, 35, 36, 37, 38, 39, 40, 41, 42, 43, 44, 45, 46, 47, 48, 49, 51, 52, 53, 60, 61, 62, 69, 70, 71, 74, 75, 76, 81, 82, 83, 90, 91, 92, 116, 145, 319, 338, 342, 601, 626, 797, 816, 820, 771]
424 : [779, 25, 26, 27, 28, 30, 31, 32, 33, 34, 35, 36, 37, 38, 39, 40, 41, 42, 43, 44, 45, 46, 47, 48, 49, 51, 52, 53, 60, 61, 62, 69, 70, 71, 74, 75, 76, 81, 82, 83, 90, 91, 92, 116, 145, 319, 338, 342, 601, 626, 797, 816, 820, 781]
425 : [871, 25, 26, 27, 28, 30, 31, 32, 33, 34, 35, 36, 37, 38, 39, 40, 41, 42, 43, 44, 45, 46, 47, 48, 49, 51, 52, 53, 60, 61, 62, 69, 70, 71, 74, 75, 76, 81, 82, 83, 90, 91, 92, 116, 145, 319, 338, 342, 601, 626, 797, 816, 820, 798]
426 : [807, 25, 26, 27, 28, 30, 31, 32, 33, 34, 35, 36, 37, 38, 39, 40, 41, 42, 43, 44, 45, 46, 47, 48, 49, 51, 52, 53, 60, 61, 62, 69, 70, 71, 74, 75, 76, 81, 82, 83, 90, 91, 92, 116, 145, 319, 338, 342, 601, 626, 797, 816, 820, 808]
427 : [909, 126, 127, 128, 129, 159, 160, 908]
428 : [976, 25, 26, 27, 28, 30, 31, 32, 33, 34, 35, 36, 37, 38, 39, 40, 41, 42, 43, 44, 45, 46, 47, 48, 49, 51, 52, 53, 60, 61, 62, 69, 70, 71, 74, 75, 76, 81, 82, 83, 90, 91, 92, 116, 145, 319, 338, 342, 601, 626, 797, 816, 820, 975]
429 : [1020, 25, 26, 27, 28, 30, 31, 32, 33, 34, 35, 36, 37, 38, 39, 40, 41, 42, 43, 44, 45, 46, 47, 48, 49, 51, 52, 53, 60, 61, 62, 69, 70, 71, 74, 75, 76, 81, 82, 83, 90, 91, 92, 116, 145, 319, 338, 342, 601, 626, 797, 816, 820, 1021]
430 : [1023, 25, 26, 27, 28, 30, 31, 32, 33, 34, 35, 36, 37, 38, 39, 40, 41, 42, 43, 44, 45, 46, 47, 48, 49, 51, 52, 53, 60, 61, 62, 69, 70, 71, 74, 75, 76, 81, 82, 83, 90, 91, 92, 116, 145, 319, 338, 342, 601, 626, 797, 816, 820, 1024]
431 : [1038, 25, 26, 27, 28, 30, 31, 32, 33, 34, 35, 36, 37, 38, 39, 40, 41, 42, 43, 44, 45, 46, 47, 48, 49, 51, 52, 53, 60, 61, 62, 69, 70, 71, 74, 75, 76, 81, 82, 83, 90, 91, 92, 116, 145, 319, 338, 342, 601, 626, 797, 816, 820, 1039]
432 : [246, 249, 251, 248, 272, 273]
433 : [276, 281, 279]
434 : [354, 29, 54, 55, 56, 57, 58, 59, 63, 64, 65, 66, 67, 68, 72, 73, 77, 78, 79, 80, 84, 85, 86, 87, 88, 89, 93, 94, 353]
435 : [379, 29, 54, 55, 56, 57, 58, 59, 63, 64, 65, 66, 67, 68, 72, 73, 77, 78, 79, 80, 84, 85, 86, 87, 88, 89, 93, 94, 380]
436 : [391, 320, 392]
437 : [415, 29, 54, 55, 56, 57, 58, 59, 63, 64, 65, 66, 67, 68, 72, 73, 77, 78, 79, 80, 84, 85, 86, 87, 88, 89, 93, 94, 414]
438 : [448, 29, 54, 55, 56, 57, 58, 59, 63, 64, 65, 66, 67, 68, 72, 73, 77, 78, 79, 80, 84, 85, 86, 87, 88, 89, 93, 94, 447]
439 : [724, 727, 729, 726, 750, 751]
440 : [754, 759, 757]
441 : [832, 29, 54, 55, 56, 57, 58, 59, 63, 64, 65, 66, 67, 68, 72, 73, 77, 78, 79, 80, 84, 85, 86, 87, 88, 89, 93, 94, 831]
442 : [857, 29, 54, 55, 56, 57, 58, 59, 63, 64, 65, 66, 67, 68, 72, 73, 77, 78, 79, 80, 84, 85, 86, 87, 88, 89, 93, 94, 858]
443 : [869, 798, 870]
444 : [893, 29, 54, 55, 56, 57, 58, 59, 63, 64, 65, 66, 67, 68, 72, 73, 77, 78, 79, 80, 84, 85, 86, 87, 88, 89, 93, 94, 892]
445 : [926, 29, 54, 55, 56, 57, 58, 59, 63, 64, 65, 66, 67, 68, 72, 73, 77, 78, 79, 80, 84, 85, 86, 87, 88, 89, 93, 94, 925]
446 : [278, 248, 272, 273, 308]
447 : [552, 25, 26, 27, 28, 30, 31, 32, 33, 34, 35, 36, 37, 38, 39, 40, 41, 42, 43, 44, 45, 46, 47, 48, 49, 51, 52, 53, 60, 61, 62, 69, 70, 71, 74, 75, 76, 81, 82, 83, 90, 91, 92, 116, 145, 319, 338, 342, 601, 626, 797, 816, 820, 550]
448 : [756, 726, 750, 751, 786]
449 : [1030, 25, 26, 27, 28, 30, 31, 32, 33, 34, 35, 36, 37, 38, 39, 40, 41, 42, 43, 44, 45, 46, 47, 48, 49, 51, 52, 53, 60, 61, 62, 69, 70, 71, 74, 75, 76, 81, 82, 83, 90, 91, 92, 116, 145, 319, 338, 342, 601, 626, 797, 816, 820, 1028]
450 : [548, 550, 549]
451 : [1026, 1028, 1027]
452 : [546, 549, 547]
453 : [561, 549, 554]
454 : [1024, 1027, 1025]
455 : [1039, 1027, 1032]
456 : [543, 547, 544, 555]
457 : [1021, 1025, 1022, 1033]
458 : [462, 463, 464, 25, 26, 27, 28, 30, 31, 32, 33, 34, 35, 36, 37, 38, 39, 40, 41, 42, 43, 44, 45, 46, 47, 48, 49, 51, 52, 53, 60, 61, 62, 69, 70, 71, 74, 75, 76, 81, 82, 83, 90, 91, 92, 116, 145, 319, 338, 342, 601, 626, 797, 816, 820, 509]
459 : [459, 126, 127, 128, 129, 159, 160, 527]
460 : [557, 554, 559, 562]
461 : [940, 941, 942, 25, 26, 27, 28, 30, 31, 32, 33, 34, 35, 36, 37, 38, 39, 40, 41, 42, 43, 44, 45, 46, 47, 48, 49, 51, 52, 53, 60, 61, 62, 69, 70, 71, 74, 75, 76, 81, 82, 83, 90, 91, 92, 116, 145, 319, 338, 342, 601, 626, 797, 816, 820, 987]
462 : [937, 126, 127, 128, 129, 159, 160, 1005]
463 : [1035, 1032, 1037, 1040]
464 : [529, 527, 528, 530]
465 : [1007, 1005, 1006, 1008]
466 : [457, 25, 26, 27, 28, 30, 31, 32, 33, 34, 35, 36, 37, 38, 39, 40, 41, 42, 43, 44, 45, 46, 47, 48, 49, 51, 52, 53, 60, 61, 62, 69, 70, 71, 74, 75, 76, 81, 82, 83, 90, 91, 92, 116, 145, 319, 338, 342, 601, 626, 797, 816, 820, 500]
467 : [935, 25, 26, 27, 28, 30, 31, 32, 33, 34, 35, 36, 37, 38, 39, 40, 41, 42, 43, 44, 45, 46, 47, 48, 49, 51, 52, 53, 60, 61, 62, 69, 70, 71, 74, 75, 76, 81, 82, 83, 90, 91, 92, 116, 145, 319, 338, 342, 601, 626, 797, 816, 820, 978]
468 : [502, 462, 463, 464, 509, 500, 501, 503, 508, 510]
469 : [980, 940, 941, 942, 987, 978, 979, 981, 986, 988]
470 : [455, 456, 458, 460, 29, 54, 55, 56, 57, 58, 59, 63, 64, 65, 66, 67, 68, 72, 73, 77, 78, 79, 80, 84, 85, 86, 87, 88, 89, 93, 94, 465, 490, 517, 538]
471 : [497, 501, 503, 508, 510, 499]
472 : [933, 934, 936, 938, 29, 54, 55, 56, 57, 58, 59, 63, 64, 65, 66, 67, 68, 72, 73, 77, 78, 79, 80, 84, 85, 86, 87, 88, 89, 93, 94, 943, 968, 995, 1016]
473 : [975, 979, 981, 986, 988, 977]
474 : [511, 499, 504]
475 : [989, 977, 982]
476 : [11, 126, 127, 128, 129, 159, 160, 229]
477 : [470, 465, 490, 517, 538, 466, 472, 474]
478 : [485, 465, 490, 517, 538, 489]
479 : [574, 126, 127, 128, 129, 159, 160, 707]
480 : [948, 943, 968, 995, 1016, 944, 950, 952]
481 : [963, 943, 968, 995, 1016, 967]
482 : [476, 466, 472, 474, 475]
483 : [501, 503, 508, 510, 489, 491]
484 : [954, 944, 950, 952, 953]
485 : [979, 981, 986, 988, 967, 969]
486 : [452, 475, 453, 478, 479, 480, 481, 482, 483]
487 : [522, 465, 490, 517, 538, 518, 526]
488 : [930, 953, 931, 956, 957, 958, 959, 960, 961]
489 : [1000, 943, 968, 995, 1016, 996, 1004]
490 : [1, 2, 3, 4, 5, 8, 9, 120, 121, 199, 25, 26, 27, 28, 30, 31, 32, 33, 34, 35, 36, 37, 38, 39, 40, 41, 42, 43, 44, 45, 46, 47, 48, 49, 51, 52, 53, 60, 61, 62, 69, 70, 71, 74, 75, 76, 81, 82, 83, 90, 91, 92, 116, 145, 319, 338, 342, 601, 626, 797, 816, 820, 16, 96, 102, 110, 131, 140]
491 : [535, 453, 478, 479, 480, 481, 482, 483, 536]
492 : [564, 565, 566, 567, 568, 571, 572, 605, 606, 677, 25, 26, 27, 28, 30, 31, 32, 33, 34, 35, 36, 37, 38, 39, 40, 41, 42, 43, 44, 45, 46, 47, 48, 49, 51, 52, 53, 60, 61, 62, 69, 70, 71, 74, 75, 76, 81, 82, 83, 90, 91, 92, 116, 145, 319, 338, 342, 601, 626, 797, 816, 820, 579, 581, 587, 595, 612, 621]
493 : [1013, 931, 956, 957, 958, 959, 960, 961, 1014]
494 : [95, 16, 96, 102, 110, 131, 140, 97]
495 : [112, 25, 26, 27, 28, 30, 31, 32, 33, 34, 35, 36, 37, 38, 39, 40, 41, 42, 43, 44, 45, 46, 47, 48, 49, 51, 52, 53, 60, 61, 62, 69, 70, 71, 74, 75, 76, 81, 82, 83, 90, 91, 92, 116, 145, 319, 338, 342, 601, 626, 797, 816, 820, 16, 96, 102, 110, 131, 140, 98, 111, 113, 114, 119]
496 : [580, 579, 581, 587, 595, 612, 621, 582]
497 : [597, 25, 26, 27, 28, 30, 31, 32, 33, 34, 35, 36, 37, 38, 39, 40, 41, 42, 43, 44, 45, 46, 47, 48, 49, 51, 52, 53, 60, 61, 62, 69, 70, 71, 74, 75, 76, 81, 82, 83, 90, 91, 92, 116, 145, 319, 338, 342, 601, 626, 797, 816, 820, 579, 581, 587, 595, 612, 621, 583, 596, 598, 599, 604]
498 : [101, 97, 100]
499 : [1, 2, 3, 4, 5, 8, 9, 120, 121, 199, 117, 98, 111, 113, 114, 119, 115, 123, 125]
500 : [6, 7, 10, 12, 29, 54, 55, 56, 57, 58, 59, 63, 64, 65, 66, 67, 68, 72, 73, 77, 78, 79, 80, 84, 85, 86, 87, 88, 89, 93, 94, 161, 183, 215, 242]
501 : [226, 229, 228, 230]
502 : [586, 582, 585]
503 : [564, 565, 566, 567, 568, 571, 572, 605, 606, 677, 602, 583, 596, 598, 599, 604, 600, 608, 610]
504 : [569, 570, 573, 575, 29, 54, 55, 56, 57, 58, 59, 63, 64, 65, 66, 67, 68, 72, 73, 77, 78, 79, 80, 84, 85, 86, 87, 88, 89, 93, 94, 639, 661, 693, 720]
505 : [704, 707, 706, 708]
506 : [532, 465, 490, 517, 538, 536, 534, 537, 539, 540, 541]
507 : [1010, 943, 968, 995, 1016, 1014, 1012, 1015, 1017, 1018, 1019]
508 : [466, 472, 474, 489, 453, 478, 479, 480, 481, 482, 483, 473, 477, 493, 494, 495, 496, 512, 513, 514, 515, 516]
509 : [944, 950, 952, 967, 931, 956, 957, 958, 959, 960, 961, 951, 955, 971, 972, 973, 974, 990, 991, 992, 993, 994]
510 : [137, 25, 26, 27, 28, 30, 31, 32, 33, 34, 35, 36, 37, 38, 39, 40, 41, 42, 43, 44, 45, 46, 47, 48, 49, 51, 52, 53, 60, 61, 62, 69, 70, 71, 74, 75, 76, 81, 82, 83, 90, 91, 92, 116, 145, 319, 338, 342, 601, 626, 797, 816, 820, 16, 96, 102, 110, 131, 140, 139, 141, 142]
511 : [618, 25, 26, 27, 28, 30, 31, 32, 33, 34, 35, 36, 37, 38, 39, 40, 41, 42, 43, 44, 45, 46, 47, 48, 49, 51, 52, 53, 60, 61, 62, 69, 70, 71, 74, 75, 76, 81, 82, 83, 90, 91, 92, 116, 145, 319, 338, 342, 601, 626, 797, 816, 820, 579, 581, 587, 595, 612, 621, 620, 622, 623]
512 : [106, 98, 111, 113, 114, 119, 109, 118]
513 : [1, 2, 3, 4, 5, 8, 9, 120, 121, 199, 146, 139, 141, 142, 143, 200, 202]
514 : [203, 139, 141, 142, 195]
515 : [265, 266, 267, 268, 269, 25, 26, 27, 28, 30, 31, 32, 33, 34, 35, 36, 37, 38, 39, 40, 41, 42, 43, 44, 45, 46, 47, 48, 49, 51, 52, 53, 60, 61, 62, 69, 70, 71, 74, 75, 76, 81, 82, 83, 90, 91, 92, 116, 145, 319, 338, 342, 601, 626, 797, 816, 820, 305, 306, 336, 337]
516 : [499, 473, 477, 493, 494, 495, 496, 512, 513, 514, 515, 516, 492, 505, 507]
517 : [591, 583, 596, 598, 599, 604, 594, 603]
518 : [564, 565, 566, 567, 568, 571, 572, 605, 606, 677, 627, 620, 622, 623, 624, 678, 680]
519 : [681, 620, 622, 623, 673]
520 : [743, 744, 745, 746, 747, 25, 26, 27, 28, 30, 31, 32, 33, 34, 35, 36, 37, 38, 39, 40, 41, 42, 43, 44, 45, 46, 47, 48, 49, 51, 52, 53, 60, 61, 62, 69, 70, 71, 74, 75, 76, 81, 82, 83, 90, 91, 92, 116, 145, 319, 338, 342, 601, 626, 797, 816, 820, 783, 784, 814, 815]
521 : [977, 951, 955, 971, 972, 973, 974, 990, 991, 992, 993, 994, 970, 983, 985]
522 : [155, 161, 183, 215, 242, 157]
523 : [186, 161, 183, 215, 242, 184]
524 : [212, 161, 183, 215, 242, 214]
525 : [239, 161, 183, 215, 242, 241]
526 : [301, 305, 306, 336, 337, 302, 304]
527 : [511, 492, 505, 507, 506]
528 : [636, 639, 661, 693, 720, 638]
529 : [664, 639, 661, 693, 720, 662]
530 : [690, 639, 661, 693, 720, 692]
531 : [717, 639, 661, 693, 720, 719]
532 : [779, 783, 784, 814, 815, 780, 782]
533 : [989, 970, 983, 985, 984]
534 : [149, 139, 141, 142, 147, 151]
535 : [428, 430, 429]
536 : [630, 620, 622, 623, 628, 632]
537 : [906, 908, 907]
538 : [253, 254, 255, 256, 257, 258, 259, 340, 25, 26, 27, 28, 30, 31, 32, 33, 34, 35, 36, 37, 38, 39, 40, 41, 42, 43, 44, 45, 46, 47, 48, 49, 51, 52, 53, 60, 61, 62, 69, 70, 71, 74, 75, 76, 81, 82, 83, 90, 91, 92, 116, 145, 319, 338, 342, 601, 626, 797, 816, 820, 250, 280, 318, 321]
539 : [433, 429, 432, 434]
540 : [731, 732, 733, 734, 735, 736, 737, 818, 25, 26, 27, 28, 30, 31, 32, 33, 34, 35, 36, 37, 38, 39, 40, 41, 42, 43, 44, 45, 46, 47, 48, 49, 51, 52, 53, 60, 61, 62, 69, 70, 71, 74, 75, 76, 81, 82, 83, 90, 91, 92, 116, 145, 319, 338, 342, 601, 626, 797, 816, 820, 728, 758, 796, 799]
541 : [911, 907, 910, 912]
542 : [165, 157, 163, 167, 169]
543 : [180, 184, 182]
544 : [246, 250, 280, 318, 321, 247]
545 : [276, 250, 280, 318, 321, 277]
546 : [643, 638, 641, 645, 647]
547 : [658, 662, 660]
548 : [724, 728, 758, 796, 799, 725]
549 : [754, 728, 758, 796, 799, 755]
550 : [171, 163, 167, 169, 170, 173, 174, 175, 176, 177, 178]
551 : [248, 272, 273, 247, 270]
552 : [295, 293, 294]
553 : [649, 641, 645, 647, 648, 651, 652, 653, 654, 655, 656]
554 : [726, 750, 751, 725, 748]
555 : [773, 771, 772]
556 : [220, 214, 216, 222]
557 : [277, 270, 275]
558 : [290, 294, 291]
559 : [698, 692, 694, 700]
560 : [755, 748, 753]
561 : [768, 772, 769]
562 : [303, 302, 304, 291, 297, 298, 300, 309, 310]
563 : [327, 330, 328]
564 : [781, 780, 782, 769, 775, 776, 778, 787, 788]
565 : [805, 808, 806]
566 : [232, 170, 173, 174, 175, 176, 177, 178, 234]
567 : [279, 291, 299]
568 : [322, 253, 254, 255, 256, 257, 258, 259, 340, 25, 26, 27, 28, 30, 31, 32, 33, 34, 35, 36, 37, 38, 39, 40, 41, 42, 43, 44, 45, 46, 47, 48, 49, 51, 52, 53, 60, 61, 62, 69, 70, 71, 74, 75, 76, 81, 82, 83, 90, 91, 92, 116, 145, 319, 338, 342, 601, 626, 797, 816, 820, 305, 306, 336, 337, 328, 323, 331, 332, 334, 339, 341, 343, 344]
569 : [710, 648, 651, 652, 653, 654, 655, 656, 712]
570 : [757, 769, 777]
571 : [800, 731, 732, 733, 734, 735, 736, 737, 818, 25, 26, 27, 28, 30, 31, 32, 33, 34, 35, 36, 37, 38, 39, 40, 41, 42, 43, 44, 45, 46, 47, 48, 49, 51, 52, 53, 60, 61, 62, 69, 70, 71, 74, 75, 76, 81, 82, 83, 90, 91, 92, 116, 145, 319, 338, 342, 601, 626, 797, 816, 820, 783, 784, 814, 815, 806, 801, 809, 810, 812, 817, 819, 821, 822]
572 : [139, 141, 142, 182, 144]
573 : [350, 353, 352]
574 : [382, 380, 381]
575 : [412, 414, 413]
576 : [445, 447, 446]
577 : [620, 622, 623, 660, 625]
578 : [828, 831, 830]
579 : [860, 858, 859]
580 : [890, 892, 891]
581 : [923, 925, 924]
582 : [248, 272, 273, 299, 274, 312]
583 : [392, 323, 331, 332, 334, 339, 341, 343, 344, 333]
584 : [726, 750, 751, 777, 752, 790]
585 : [870, 801, 809, 810, 812, 817, 819, 821, 822, 811]
586 : [403, 333, 394]
587 : [399, 323, 331, 332, 334, 339, 341, 343, 344, 401, 402]
588 : [881, 811, 872]
589 : [877, 801, 809, 810, 812, 817, 819, 821, 822, 879, 880]
590 : [285, 297, 298, 300, 309, 310, 289, 307]
591 : [763, 775, 776, 778, 787, 788, 767, 785]
592 : [163, 167, 169, 182, 170, 173, 174, 175, 176, 177, 178, 168, 172, 191, 192, 193, 194, 204, 205, 206, 207, 208]
593 : [241, 234, 235, 243, 244, 245]
594 : [641, 645, 647, 660, 648, 651, 652, 653, 654, 655, 656, 646, 650, 669, 670, 671, 672, 682, 683, 684, 685, 686]
595 : [719, 712, 713, 721, 722, 723]
596 : [314, 297, 298, 300, 309, 310, 316, 317]
597 : [359, 352, 355, 361, 363]
598 : [374, 381, 378]
599 : [792, 775, 776, 778, 787, 788, 794, 795]
600 : [837, 830, 833, 839, 841]
601 : [852, 859, 856]
602 : [365, 355, 361, 363, 364]
603 : [843, 833, 839, 841, 842]
604 : [345, 364, 346, 367, 368, 369, 370, 371, 372]
605 : [420, 413, 416, 424]
606 : [823, 842, 824, 845, 846, 847, 848, 849, 850]
607 : [898, 891, 894, 902]
608 : [439, 346, 367, 368, 369, 370, 371, 372, 440]
609 : [917, 824, 845, 846, 847, 848, 849, 850, 918]
610 : [139, 141, 142, 168, 172, 191, 192, 193, 194, 204, 205, 206, 207, 208, 190, 196, 198]
611 : [620, 622, 623, 646, 650, 669, 670, 671, 672, 682, 683, 684, 685, 686, 668, 674, 676]
612 : [203, 190, 196, 198, 197]
613 : [323, 331, 332, 334, 339, 341, 343, 344, 378, 335]
614 : [681, 668, 674, 676, 675]
615 : [801, 809, 810, 812, 817, 819, 821, 822, 856, 813]
616 : [436, 440, 438]
617 : [914, 918, 916]
618 : [446, 438, 441, 449, 450, 451]
619 : [924, 916, 919, 927, 928, 929]
620 : [355, 361, 363, 378, 346, 367, 368, 369, 370, 371, 372, 362, 366, 387, 388, 389, 390, 404, 405, 406, 407, 408]
621 : [833, 839, 841, 856, 824, 845, 846, 847, 848, 849, 850, 840, 844, 865, 866, 867, 868, 882, 883, 884, 885, 886]
622 : [333, 362, 366, 387, 388, 389, 390, 404, 405, 406, 407, 408, 386, 395, 397]
623 : [811, 840, 844, 865, 866, 867, 868, 882, 883, 884, 885, 886, 864, 873, 875]
624 : [403, 386, 395, 397, 396]
625 : [881, 864, 873, 875, 874]

Number of CIT: 2803
